1,919351310,1711018
2,919476182,1689665
3,919501106,1440513
4,919626731,1272271
5,919453825,1208458
6,919141241,1050474
7,250302,957867
8,919106936,939170
9,919677588,827186
10,919676213,815481
11,919671702,621490
12,919632698,605960
13,919556949,573378
14,5453280,571702
15,1703327,570082
16,7713240,565905
17,6518098,503396
18,919588934,487766
19,919673649,484436
20,919672587,478724
21,1413055,463919
22,6714301,463869
23,6944735,451708
24,919672933,446862
25,918635654,436689
26,1960243,420621
27,919112793,400541
28,7090866,400256
29,919677720,395576
30,919655187,390329
31,918658041,374491
32,919565561,374418
33,6943434,371468
34,7652376,370771
35,8030244,359740
36,919499537,354896
37,919666661,352217
38,985327,351381
39,919430945,350706
40,7553079,330737
41,919676868,330730
42,919567222,325717
43,919448953,323669
44,919519870,321630
45,919673874,319789
46,919664318,319224
47,919500783,316224
48,919167999,308780
49,7420245,305833
50,8141122,303637
51,919473031,284653
52,1127691,282556
53,919671344,279290
54,919655765,278936
55,919199920,278582
56,919506344,274836
57,918768399,265238
58,919643030,253372
59,918883343,253210
60,918668369,249288
61,919675879,241383
62,2444941,241184
63,1481313,239331
64,919035681,238387
65,7471725,237394
66,919662774,236926
67,829805,236132
68,8216961,234705
69,919678009,230495
70,919673651,229915
71,919668057,227440
72,7141726,224900
73,919650249,223725
74,919479335,220947
75,919516208,220910
76,7630883,218447
77,7935327,217791
78,919622278,216393
79,7729811,215677
80,1148209,215333
81,8004090,210379
82,919675965,210038
83,6369282,208995
84,919676086,207954
85,919381931,206830
86,919282327,202388
87,8179733,199016
88,919591071,191997
89,918727106,191965
90,919419209,190066
91,5743109,186943
92,7445223,184773
93,919500019,182830
94,919625456,182629
95,8133871,182142
96,919670880,181968
97,918995533,180353
98,919678515,179124
99,919676476,175078
100,7613127,174925
101,919349805,171129
102,918827105,170459
103,1474592,168411
104,2851,167894
105,5712664,166850
106,919676453,166457
107,7161081,164611
108,919003103,164329
109,7670231,163424
110,1197704,162532
111,919655123,162229
112,919465771,159507
113,919676414,158257
114,7818634,157805
115,919010030,157152
116,745517,156199
117,860712,156110
118,919663666,155761
119,2384837,154715
120,919672253,152579
121,5388988,149713
122,919565367,149193
123,919667459,148258
124,919600304,147604
125,919675991,146452
126,1897555,145843
127,919676877,145689
128,919308506,144692
129,919675869,144504
130,919674494,144014
131,919659913,143813
132,919673674,143460
133,6463824,142784
134,919438374,142638
135,918850381,141679
136,2279925,141604
137,919520733,141505
138,919063167,140638
139,8095624,139796
140,7098091,139380
141,6979129,137979
142,919658213,137246
143,6214450,136197
144,919677851,135959
145,5286867,135884
146,919263096,135722
147,6002698,135458
148,919641656,134490
149,681429,132967
150,6547209,131834
151,919637426,131377
152,919601494,131107
153,919673829,130797
154,919679639,130319
155,919255708,129601
156,919672018,128913
157,918742361,128873
158,919412230,128707
159,919582775,128469
160,509100,127648
161,8122077,126214
162,919307382,125988
163,919561270,125958
164,919234229,125878
165,1301489,124758
166,1629992,123618
167,5291491,123472
168,919675850,121510
169,5276221,121344
170,6192372,121189
171,7074510,120140
172,7161805,119088
173,919495065,118381
174,918853616,117141
175,919475862,116783
176,7901525,116433
177,7617585,115855
178,919652893,115666
179,7123081,115283
180,919219455,114971
181,7077724,114877
182,919678146,114495
183,919671487,113803
184,919673543,113488
185,919508657,113365
186,919566917,112898
187,919676407,112485
188,6123353,111375
189,919225797,110374
190,919677977,110304
191,919665178,110259
192,919515697,110116
193,921611,109744
194,918974055,109100
195,919577171,109090
196,2058770,109055
197,5335051,108516
198,919593885,107943
199,919673928,107782
200,919613742,107405
201,919549162,107354
202,801208,106916
203,5405016,105891
204,6285740,105811
205,6013902,105635
206,919463152,105191
207,5331568,104881
208,7299229,104624
209,919482725,104325
210,919677302,103921
211,6215720,103760
212,7855000,102217
213,6864913,102108
214,919671899,101703
215,2316170,100940
216,919676116,100130
217,919524151,99610
218,919245274,99421
219,919634542,98975
220,919481658,98849
221,919592433,98598
222,919555073,98577
223,919676639,98549
224,919678110,98350
225,919247421,98150
226,919675901,98042
227,919675219,97659
228,919674639,97631
229,8269713,97617
230,919677887,97617
231,919652936,97323
232,919666945,96624
233,919609067,96517
234,919662864,95626
235,5663655,95609
236,919676451,94911
237,919679526,94703
238,919675352,94033
239,919454997,93982
240,919465948,93799
241,7565517,92867
242,919549672,92845
243,919657672,92767
244,2385377,92448
245,919649890,92239
246,919641647,91854
247,7515203,91340
248,919480858,91044
249,7422886,90524
250,919678410,90369
251,919157780,90285
252,8114138,89781
253,7941200,89610
254,7197739,89256
255,919666867,89029
256,5416901,88942
257,6969263,88594
258,919573444,87286
259,6299615,87252
260,919657536,86819
261,919503726,86493
262,919646879,86447
263,919585292,86427
264,7052444,86368
265,919675416,86239
266,919391900,86167
267,919346680,85648
268,919679826,85483
269,919666804,85453
270,919342675,85368
271,7701077,84952
272,6607121,84320
273,1293347,83645
274,1312627,83605
275,1674,83326
276,918747421,83081
277,919659126,82788
278,919545222,82770
279,919646503,82311
280,6056898,81914
281,5394998,81631
282,919671430,81514
283,919327217,81506
284,882635,81479
285,919646596,81130
286,919528263,81080
287,919676700,80988
288,919309365,80465
289,8114578,80448
290,7882068,80310
291,6237737,80221
292,8084002,80000
293,919530913,79748
294,6880461,79584
295,919650882,78862
296,919625730,78862
297,919664143,78397
298,919565349,78229
299,5635912,78106
300,919358913,78058
301,919433440,77556
302,919677318,77469
303,7036812,77090
304,278946,77063
305,7041608,76880
306,919677558,76201
307,919541772,76074
308,919670398,75698
309,919541054,75696
310,919604517,75495
311,919088358,75400
312,6344325,74312
313,7928213,74182
314,7946098,73901
315,7938454,73597
316,919381653,73400
317,918725314,73225
318,919416900,72778
319,7745268,72711
320,919507252,72278
321,7345262,72156
322,5508452,72119
323,919539061,71924
324,919672257,71812
325,6240341,71455
326,919581872,71077
327,6886876,70871
328,919650368,70240
329,918858345,70208
330,919677193,70153
331,919219572,69963
332,919619860,69578
333,1528181,69322
334,919326917,69282
335,919678871,69268
336,919269696,69052
337,919312760,68767
338,919673790,68349
339,919514563,68334
340,1231948,67724
341,919589047,67451
342,919258446,67386
343,919248842,67308
344,919674021,67126
345,5432494,67090
346,919668829,67021
347,919678469,66474
348,113569,66189
349,919677899,66114
350,919071304,65938
351,5625167,65813
352,2083151,65704
353,6639240,65585
354,6064525,65471
355,5406133,65426
356,919674805,65218
357,2090317,65055
358,455314,65005
359,919664496,64827
360,7926106,64645
361,919395926,64591
362,919673670,64460
363,919589893,64456
364,919301299,64455
365,919673518,64234
366,919637270,64182
367,919651767,64162
368,919291551,63920
369,919305423,63916
370,919675394,63867
371,1194782,63638
372,919678192,63374
373,919677244,63184
374,919441122,63136
375,919526994,62849
376,919549363,62685
377,919607690,62658
378,919166685,62618
379,919355146,62231
380,919087688,61988
381,919677416,61984
382,7988561,61861
383,919309124,61817
384,919064058,61792
385,5738024,61733
386,919643253,61731
387,919617895,61716
388,7130396,61634
389,918750983,61492
390,5981987,61266
391,919679185,61084
392,919675949,61041
393,919392682,61012
394,919677734,60874
395,7703056,60784
396,5337570,60704
397,919095909,60469
398,618052,60406
399,919390316,60316
400,82220,60274
401,7949322,59764
402,919677792,59496
403,6792718,59328
404,919644420,59221
405,919677760,59156
406,1501202,59102
407,919501224,59022
408,7526119,58783
409,919615180,58677
410,919287587,58015
411,919675799,57984
412,919547252,57935
413,919159342,57924
414,919179994,57791
415,6710204,57648
416,919678176,57583
417,919491129,57543
418,919672712,57250
419,6249893,57171
420,919230858,57118
421,919678754,57018
422,7077416,56726
423,7284151,56714
424,919463873,56419
425,5621189,56248
426,7660551,56245
427,1316454,56004
428,919677729,55966
429,5296579,55870
430,5551228,55856
431,8032736,55797
432,919660204,55526
433,890208,55269
434,919578744,55037
435,919672262,55009
436,919669092,54814
437,919667939,54670
438,919628942,54514
439,919515891,54320
440,5357826,54193
441,919673975,53558
442,919677401,53519
443,1629486,53440
444,919482897,53157
445,919647005,53016
446,8142957,53012
447,919677139,52920
448,7987467,52885
449,7522252,52746
450,5461706,52666
451,919195590,52655
452,7380225,52524
453,995700,52487
454,919351274,52444
455,919554358,52357
456,7917957,52218
457,919507775,51845
458,919674965,51840
459,919485766,51616
460,8130761,51469
461,919673428,51281
462,919586410,51273
463,5695735,51229
464,7955706,51174
465,2460335,51012
466,919678239,50979
467,7578076,50947
468,919672241,50767
469,919608030,50614
470,6845667,50582
471,919673583,50419
472,919670576,50414
473,919678863,50399
474,919147265,50298
475,7919252,50123
476,919441301,50030
477,919426494,50008
478,6880739,49945
479,919676906,49919
480,919679104,49703
481,8140032,49684
482,919670489,49638
483,919670362,49628
484,919348475,49604
485,919555140,49592
486,7971160,49538
487,919040201,49515
488,7694658,49360
489,2310646,49177
490,7087553,49168
491,919675851,49047
492,919660877,48878
493,919489360,48829
494,919491921,48789
495,919569186,48309
496,919671137,48209
497,6707963,48169
498,919679344,48158
499,919416871,48151
500,919679194,48041
501,919309370,48023
502,919634874,47607
503,6345427,47528
504,1585618,47489
505,2323298,47454
506,919416722,47432
507,919498257,47372
508,919677918,47307
509,835314,47279
510,7993055,47068
511,919673609,47032
512,919677599,47005
513,919529638,46937
514,919573639,46794
515,919672751,46747
516,919633488,46694
517,7973283,46633
518,919672779,46371
519,919673779,46359
520,919546843,46357
521,1193860,46265
522,919639466,46153
523,919226027,45971
524,5581943,45966
525,919542465,45819
526,918634053,45682
527,8239224,45668
528,7456494,45631
529,919063641,45578
530,919335578,45452
531,918739823,45355
532,919494803,45316
533,919336127,45173
534,919233657,45144
535,8225569,45028
536,8018043,44934
537,919674725,44908
538,1825434,44669
539,5560931,44664
540,919469395,44630
541,919674708,44566
542,919074988,44442
543,7928191,44422
544,6533067,44337
545,919469170,44118
546,919668280,44117
547,919574670,44104
548,919657131,44097
549,919674922,43896
550,919679139,43799
551,919658958,43755
552,919665448,43731
553,919555573,43671
554,919609981,43526
555,919676492,43445
556,919621744,43163
557,919678675,43045
558,919623228,42999
559,919557391,42926
560,919544888,42894
561,919676371,42839
562,7726777,42523
563,919598555,42403
564,8161149,42325
565,919485619,42317
566,919234476,42286
567,919677579,42250
568,919604513,42221
569,919513953,42195
570,919349061,42180
571,1971446,42165
572,7744489,42136
573,919563321,42083
574,14585,41927
575,919316868,41790
576,919381243,41780
577,919330535,41741
578,2425222,41585
579,919679381,41515
580,5335955,41415
581,7798905,41383
582,919676945,41354
583,919579900,41318
584,2350754,41315
585,919678125,41281
586,918740153,41164
587,919361562,40974
588,919678315,40967
589,919071826,40931
590,919676915,40646
591,919498310,40635
592,2278152,40630
593,7990422,40349
594,7047555,40151
595,919615293,40098
596,2344147,40068
597,919676578,39918
598,1787176,39885
599,6002140,39874
600,919667053,39667
601,919581410,39663
602,919601666,39618
603,919678278,39481
604,919670822,39100
605,7748647,39074
606,1657009,39036
607,919335545,38894
608,5273748,38883
609,919255687,38882
610,919676040,38863
611,1218856,38820
612,391015,38773
613,7171747,38689
614,7592481,38578
615,7846723,38515
616,919500383,38471
617,7324242,38434
618,919056617,38217
619,918681735,38193
620,919677381,38187
621,1466787,38161
622,919589271,38120
623,7069218,37981
624,919677180,37941
625,6622295,37936
626,919677511,37908
627,919678264,37834
628,919653985,37650
629,919579161,37528
630,919679419,37502
631,6892754,37394
632,919421097,37374
633,230211,37356
634,919569974,37329
635,919310741,37307
636,7173852,37277
637,2445468,37160
638,919673011,37077
639,919197142,37061
640,6691471,37050
641,919675814,37044
642,919679439,37013
643,919223923,36961
644,918926593,36852
645,919679148,36822
646,919679851,36651
647,919678606,36571
648,1352700,36564
649,687472,36528
650,919490068,36500
651,919548757,36457
652,918716841,36372
653,919559904,36315
654,919676345,36300
655,919679054,36271
656,919674943,36012
657,7907783,35998
658,918770852,35994
659,5496868,35983
660,919584884,35905
661,918965668,35880
662,918922155,35822
663,919556782,35651
664,7006928,35524
665,919670747,35521
666,2212929,35512
667,7105869,35366
668,6906386,35277
669,919458561,35245
670,919303973,35178
671,919592787,35159
672,1349815,35100
673,919572469,35082
674,7031256,35068
675,919676723,35064
676,919667736,35036
677,7497049,35035
678,919630481,35033
679,919677571,35011
680,919166711,34995
681,919673657,34912
682,919655643,34884
683,919508623,34862
684,919677693,34830
685,921727,34745
686,919662649,34685
687,919678058,34593
688,919676768,34517
689,6993201,34497
690,919501248,34418
691,919417201,34249
692,8081876,34221
693,919452694,34120
694,919680136,34119
695,6194113,34103
696,919419243,34056
697,919676602,34040
698,919675507,33932
699,919677823,33905
700,919504709,33862
701,919673208,33849
702,919657271,33727
703,7261950,33683
704,919662149,33575
705,7108645,33513
706,1252153,33434
707,5379479,33333
708,8129506,33319
709,42749,33300
710,1823195,33163
711,919622326,33162
712,239519,33120
713,919643015,33091
714,919615066,33023
715,919660159,33020
716,919679741,32909
717,919594191,32899
718,6059712,32872
719,7889682,32722
720,5367443,32720
721,919511091,32679
722,919678212,32666
723,919562352,32589
724,5990777,32396
725,1176186,32361
726,7245181,32361
727,5439463,32343
728,919675107,32334
729,2097499,32273
730,919410230,32222
731,6116494,32172
732,919484390,32123
733,919558897,32095
734,1540375,32055
735,919676489,32046
736,6985486,31953
737,844828,31933
738,919669935,31793
739,919668313,31583
740,919563397,31519
741,7591791,31464
742,919678172,31453
743,1962883,31440
744,2136580,31374
745,6787690,31370
746,2157141,31369
747,7515409,31329
748,6513154,31299
749,919212,31268
750,919675000,31229
751,919678523,31133
752,919673186,31124
753,919674114,31120
754,919679469,31028
755,919590425,31013
756,919580757,31008
757,919565264,30993
758,7937431,30958
759,2315679,30877
760,919603642,30807
761,919529093,30693
762,919672167,30630
763,6793094,30524
764,919431408,30510
765,976826,30474
766,919643939,30451
767,919299192,30415
768,2468357,30404
769,919654696,30334
770,919478766,30333
771,919583516,30328
772,5301761,30268
773,919675526,30207
774,846256,30205
775,919643831,30176
776,7805778,30114
777,843623,30020
778,919564698,29989
779,919667556,29919
780,6005314,29834
781,7526451,29778
782,6513727,29745
783,7848167,29673
784,919680119,29590
785,7897715,29565
786,5314517,29477
787,7488710,29455
788,918745846,29320
789,919455140,29318
790,919141077,29286
791,1897128,29224
792,919679821,29132
793,5832818,29105
794,919672916,28913
795,919676329,28762
796,919659659,28664
797,919339393,28603
798,2379513,28566
799,2237844,28453
800,919555795,28450
801,919669566,28388
802,919221088,28312
803,919608340,28305
804,8016440,28285
805,919565753,28255
806,919458699,28173
807,7186632,27978
808,919446965,27903
809,919666298,27813
810,919664697,27778
811,919646883,27566
812,919524831,27544
813,6576176,27507
814,919676620,27456
815,919439740,27424
816,6123735,27362
817,919676667,27335
818,919678491,27247
819,919676933,27158
820,919672558,27146
821,919670946,27130
822,919570132,27112
823,1117272,27067
824,919676631,27057
825,919610896,26939
826,7629317,26916
827,919679074,26912
828,919359444,26804
829,919671806,26793
830,919272943,26690
831,872102,26644
832,919006231,26601
833,919438550,26583
834,919661900,26567
835,7921730,26566
836,919675854,26554
837,471088,26530
838,919511606,26522
839,1355462,26487
840,919291705,26442
841,919621473,26345
842,919657717,26343
843,919486715,26287
844,919554262,26216
845,919534743,26176
846,919677472,26159
847,919653697,26132
848,918709194,26044
849,1372733,26032
850,919670000,26029
851,919522214,25986
852,7434049,25979
853,8225511,25968
854,2242830,25753
855,919677822,25747
856,8146610,25721
857,7336822,25689
858,919456258,25638
859,918747829,25638
860,919676146,25576
861,6097886,25507
862,918906100,25441
863,919555942,25418
864,919677937,25372
865,919566760,25356
866,919058543,25341
867,793190,25332
868,1049662,25330
869,919079409,25307
870,919677392,25260
871,919674892,25257
872,7265295,25222
873,918952201,25129
874,919669994,25109
875,919193514,24967
876,7756287,24953
877,919644862,24875
878,919676190,24840
879,919421290,24818
880,8259367,24816
881,919676013,24808
882,919423322,24790
883,7204231,24744
884,7367571,24725
885,919678677,24717
886,919673307,24714
887,7985017,24678
888,919385699,24594
889,919674219,24583
890,919458056,24551
891,7617777,24542
892,919133429,24471
893,8024600,24372
894,919674731,24253
895,6577953,24190
896,919673908,24164
897,6472363,24120
898,919450305,24047
899,919597087,23985
900,919671252,23970
901,919674691,23934
902,919656282,23932
903,7988164,23764
904,919641554,23743
905,919675528,23704
906,919647865,23701
907,7819335,23697
908,919187452,23643
909,1524197,23552
910,5980710,23512
911,6280562,23468
912,919677099,23459
913,875767,23443
914,2249171,23439
915,918997442,23280
916,1721561,23260
917,919673526,23251
918,2445106,23225
919,919518953,23194
920,7283130,23170
921,919676562,23150
922,919342055,23128
923,8067986,23112
924,919679430,23080
925,8093791,23048
926,919450802,22935
927,919511354,22902
928,919561268,22839
929,7855023,22834
930,919656970,22824
931,7403536,22805
932,919621546,22778
933,919669977,22762
934,919484127,22726
935,7098151,22715
936,919081515,22660
937,919654993,22639
938,6997666,22597
939,6796367,22581
940,1600946,22573
941,5562332,22548
942,919672418,22510
943,919294206,22470
944,7936363,22465
945,919468264,22409
946,919584735,22403
947,5985413,22313
948,919605190,22260
949,919677659,22253
950,930076,22157
951,919672311,22118
952,919675632,22113
953,919679636,22111
954,918796938,22052
955,919185387,22036
956,5515895,22019
957,919663617,22018
958,7124650,21927
959,919680124,21917
960,919491398,21901
961,6851871,21869
962,919508839,21792
963,919640508,21732
964,919677864,21665
965,919675098,21620
966,919108690,21606
967,919125711,21594
968,6610861,21538
969,919504302,21424
970,2401453,21384
971,918981591,21341
972,919654343,21271
973,919292360,21270
974,1857633,21238
975,7455580,21227
976,919523042,21221
977,918830401,21221
978,919671764,21214
979,919432031,21158
980,919552541,21119
981,1730767,21113
982,919678995,21085
983,8159821,21061
984,919447338,21041
985,919500807,21007
986,438459,20996
987,1724056,20963
988,919671776,20943
989,2334296,20921
990,919003753,20907
991,919520201,20900
992,265833,20873
993,919473115,20871
994,919679232,20803
995,2384823,20791
996,919674437,20785
997,1111807,20768
998,919373419,20708
999,919678036,20670
1000,919676089,20658
1001,919518228,20650
1002,919679542,20638
1003,8035488,20634
1004,919110311,20622
1005,919593295,20614
1006,5424301,20558
1007,6423656,20530
1008,919627661,20499
1009,7812735,20450
1010,919674865,20409
1011,918894244,20357
1012,919362357,20345
1013,7174654,20328
1014,918748718,20292
1015,918899128,20274
1016,351946,20225
1017,919356295,20176
1018,919507501,20149
1019,919672336,20122
1020,919675365,20108
1021,919669013,20057
1022,8229942,20054
1023,919674168,20014
1024,919677050,20013
1025,8270061,19964
1026,1449080,19939
1027,919332810,19908
1028,919672332,19883
1029,918832694,19860
1030,919321520,19859
1031,299992,19854
1032,919646614,19839
1033,6298216,19814
1034,919508429,19806
1035,87870,19784
1036,919667523,19759
1037,919131132,19753
1038,919297873,19729
1039,919578613,19728
1040,7959066,19693
1041,1407734,19680
1042,919678593,19658
1043,919676932,19611
1044,919659671,19580
1045,7519275,19422
1046,919007962,19373
1047,919678540,19354
1048,919662763,19292
1049,8228577,19290
1050,5854092,19279
1051,919473639,19264
1052,919660855,19251
1053,919641517,19248
1054,919675710,19193
1055,6742667,19189
1056,919556460,19182
1057,919387079,19131
1058,919314262,19022
1059,919679219,19004
1060,919540544,18977
1061,6662909,18960
1062,919655612,18922
1063,918914217,18895
1064,919647046,18844
1065,919506996,18841
1066,919652118,18838
1067,919680059,18796
1068,919546929,18784
1069,919675374,18778
1070,919679034,18732
1071,919669295,18643
1072,6953628,18638
1073,919538358,18591
1074,1231284,18583
1075,1845986,18575
1076,919525065,18565
1077,919664759,18556
1078,919568324,18546
1079,7800270,18532
1080,919672631,18466
1081,7264198,18426
1082,919678854,18392
1083,919212509,18384
1084,7099525,18382
1085,7928063,18378
1086,8173129,18374
1087,919620160,18372
1088,919677660,18357
1089,7691266,18319
1090,919679470,18314
1091,919675810,18260
1092,919388626,18258
1093,5307371,18257
1094,919603640,18191
1095,6681377,18135
1096,919451517,18105
1097,7200151,18100
1098,919463268,18087
1099,1477021,18077
1100,919674158,18030
1101,919572207,17975
1102,919450534,17973
1103,919598713,17948
1104,919677366,17924
1105,919670943,17900
1106,918903692,17847
1107,919678907,17834
1108,919567183,17828
1109,919606338,17799
1110,919679989,17795
1111,919676465,17795
1112,919655965,17788
1113,2357814,17777
1114,919669805,17737
1115,1019564,17730
1116,919679563,17720
1117,2299062,17679
1118,8086445,17675
1119,919586471,17674
1120,919501865,17642
1121,919440484,17636
1122,1639551,17636
1123,6675895,17616
1124,919550681,17579
1125,919678716,17506
1126,919670128,17505
1127,281365,17456
1128,919679373,17443
1129,6378835,17421
1130,7580711,17408
1131,372053,17404
1132,5609458,17396
1133,919652297,17365
1134,919679444,17354
1135,919678164,17317
1136,919615431,17280
1137,919570966,17274
1138,8016061,17270
1139,919627330,17261
1140,1342751,17246
1141,919679011,17225
1142,919225129,17219
1143,8032546,17204
1144,919651581,17157
1145,919678067,17141
1146,919675492,17140
1147,5413918,17126
1148,918974927,17123
1149,919313071,17117
1150,919572247,17116
1151,479593,17092
1152,919108454,16977
1153,8092491,16965
1154,919679587,16957
1155,919662179,16956
1156,6158537,16948
1157,7576357,16911
1158,919367764,16904
1159,6218032,16898
1160,7599478,16884
1161,7431668,16874
1162,919676443,16844
1163,919675545,16830
1164,918748966,16777
1165,918935461,16772
1166,337973,16769
1167,919531526,16764
1168,7951655,16756
1169,919137067,16741
1170,919190378,16738
1171,919677841,16732
1172,8010696,16728
1173,919355440,16716
1174,6933546,16652
1175,918907362,16636
1176,919675636,16612
1177,919669686,16494
1178,1617886,16487
1179,919445371,16480
1180,8163547,16478
1181,919584239,16457
1182,2233962,16452
1183,919680073,16432
1184,919644435,16386
1185,919678245,16380
1186,919187189,16370
1187,919633298,16326
1188,919366472,16309
1189,919537590,16300
1190,919477722,16290
1191,576350,16226
1192,5511795,16220
1193,919051186,16188
1194,919644252,16184
1195,919545854,16129
1196,2373250,16088
1197,919557014,16080
1198,2452761,16070
1199,7935380,16065
1200,919495203,16058
1201,919256452,16026
1202,919497196,16007
1203,7771835,15960
1204,8075893,15948
1205,8039359,15939
1206,7119547,15926
1207,918912283,15924
1208,919673187,15857
1209,919670441,15835
1210,919439534,15833
1211,918793084,15833
1212,919158811,15829
1213,919677087,15824
1214,918925465,15737
1215,919371696,15723
1216,5375280,15722
1217,7419675,15712
1218,919316972,15700
1219,919674390,15698
1220,919678200,15687
1221,2313965,15651
1222,919552879,15625
1223,919667995,15616
1224,6463056,15567
1225,919591876,15513
1226,919669887,15500
1227,919668298,15494
1228,919298123,15484
1229,285984,15466
1230,919658567,15314
1231,919627455,15276
1232,919520461,15272
1233,919381352,15265
1234,919674526,15259
1235,7544289,15207
1236,919676583,15201
1237,5322454,15174
1238,919674366,15163
1239,919673143,15160
1240,919534368,15155
1241,919676100,15093
1242,919677699,15078
1243,919651579,15055
1244,919629389,15050
1245,919407394,15044
1246,2172850,15020
1247,919544445,14989
1248,919667901,14948
1249,919574729,14946
1250,8084460,14932
1251,919678158,14929
1252,919172893,14886
1253,939136,14847
1254,7336820,14846
1255,918826725,14845
1256,918649825,14841
1257,919679317,14781
1258,919270676,14762
1259,919671091,14743
1260,919572556,14710
1261,919610311,14706
1262,919549368,14698
1263,7262199,14660
1264,918865516,14651
1265,7788105,14545
1266,919679043,14487
1267,919679144,14479
1268,919666566,14463
1269,919647893,14436
1270,919670640,14409
1271,919674099,14399
1272,1248354,14369
1273,919643814,14343
1274,1693305,14322
1275,5704739,14311
1276,919679535,14301
1277,919321523,14288
1278,5372019,14284
1279,7270052,14258
1280,919671895,14252
1281,919672527,14183
1282,2215063,14153
1283,2199935,14152
1284,8169307,14115
1285,918888095,14110
1286,919548837,14110
1287,6709405,14071
1288,5917753,14060
1289,919674984,14045
1290,162884,14041
1291,919677003,14034
1292,6694128,14023
1293,919671714,14013
1294,117337,13951
1295,78115,13950
1296,919603936,13933
1297,919383861,13929
1298,919503826,13882
1299,919608920,13859
1300,919530077,13857
1301,919661451,13856
1302,5311356,13851
1303,937429,13840
1304,919678886,13821
1305,919531370,13812
1306,1012703,13798
1307,919417026,13784
1308,919426386,13779
1309,919160085,13764
1310,7328177,13736
1311,919597258,13735
1312,7876450,13718
1313,919149732,13715
1314,5308328,13706
1315,7543464,13660
1316,919591275,13622
1317,1340067,13617
1318,919560981,13607
1319,919464931,13589
1320,919248665,13587
1321,7216284,13537
1322,919643366,13536
1323,7007322,13534
1324,919662388,13512
1325,919331306,13509
1326,919676960,13496
1327,919678976,13495
1328,919605495,13492
1329,919671990,13470
1330,919675717,13416
1331,919679684,13412
1332,919674462,13378
1333,919497949,13365
1334,919367562,13363
1335,918943526,13333
1336,919667729,13322
1337,919498784,13317
1338,919677907,13307
1339,919669036,13277
1340,919520403,13219
1341,919321600,13215
1342,919673841,13200
1343,8118652,13197
1344,919497387,13196
1345,919614259,13195
1346,919216764,13195
1347,7568417,13194
1348,919663847,13190
1349,919498329,13180
1350,919569257,13160
1351,919368836,13156
1352,919447923,13131
1353,919614195,13126
1354,7037587,13108
1355,919483204,13098
1356,919640329,13080
1357,919649033,13080
1358,919623867,13059
1359,919656055,13033
1360,919671735,13001
1361,919602192,12989
1362,919678361,12984
1363,669166,12980
1364,919649629,12980
1365,767476,12965
1366,919679451,12920
1367,919610172,12920
1368,919678982,12915
1369,919656023,12907
1370,6129205,12882
1371,60448,12869
1372,919481090,12848
1373,919661834,12845
1374,919628909,12785
1375,1508,12782
1376,919330882,12766
1377,919626793,12747
1378,2444034,12736
1379,919676837,12711
1380,576227,12663
1381,918884147,12658
1382,919640956,12653
1383,918801947,12646
1384,918773979,12626
1385,3855880,12584
1386,919096337,12582
1387,919678072,12582
1388,919668532,12566
1389,919444359,12543
1390,919382466,12538
1391,919481082,12503
1392,919397595,12498
1393,919323782,12464
1394,7337764,12461
1395,7158935,12417
1396,919286165,12376
1397,919610512,12364
1398,919612317,12360
1399,919678522,12301
1400,919676767,12267
1401,919677698,12257
1402,6301850,12224
1403,919679744,12163
1404,919676415,12148
1405,2440585,12126
1406,919680148,12075
1407,918645510,12004
1408,919676504,12000
1409,919385980,11976
1410,919677505,11973
1411,6309083,11961
1412,919344608,11959
1413,919636382,11940
1414,919669756,11931
1415,919676695,11913
1416,919678852,11909
1417,5945989,11895
1418,919541592,11874
1419,718135,11827
1420,919177229,11811
1421,919679464,11787
1422,7949585,11781
1423,919670057,11774
1424,5412047,11759
1425,919510539,11750
1426,919679101,11726
1427,8093069,11718
1428,919672694,11705
1429,919670856,11667
1430,5580830,11662
1431,1278225,11657
1432,919385804,11653
1433,919484334,11641
1434,919674496,11616
1435,5281843,11613
1436,919679480,11606
1437,919435708,11596
1438,919679418,11579
1439,918679452,11577
1440,919668041,11550
1441,919678777,11499
1442,919679509,11489
1443,919676831,11482
1444,919668687,11473
1445,919521558,11458
1446,919672160,11432
1447,919677801,11430
1448,919506701,11408
1449,919483437,11403
1450,919677264,11396
1451,919676942,11385
1452,919674703,11369
1453,919052606,11360
1454,5499126,11352
1455,1253460,11335
1456,919034303,11332
1457,919655683,11319
1458,918748991,11303
1459,919049507,11283
1460,919418039,11264
1461,919671542,11262
1462,919138586,11261
1463,919678546,11250
1464,8063189,11227
1465,919521085,11210
1466,919658719,11196
1467,919679433,11186
1468,919641692,11170
1469,919567283,11141
1470,918881485,11124
1471,7613679,11103
1472,8232175,11071
1473,919511849,11062
1474,919528106,11041
1475,7270458,11038
1476,919300656,11007
1477,918724758,10991
1478,919679579,10990
1479,919605768,10987
1480,919677576,10946
1481,919661484,10945
1482,8263701,10922
1483,919676090,10884
1484,919582307,10877
1485,5515695,10859
1486,918831829,10857
1487,919602535,10852
1488,919676937,10845
1489,919679498,10830
1490,919679842,10829
1491,919663867,10811
1492,919515578,10802
1493,14314,10792
1494,919660436,10792
1495,919678993,10755
1496,919448640,10708
1497,7930660,10681
1498,6560556,10680
1499,919672990,10675
1500,7386275,10675
1501,6682922,10671
1502,918780666,10660
1503,6136863,10639
1504,918677427,10635
1505,919678326,10616
1506,8232749,10601
1507,8123397,10591
1508,5492317,10568
1509,919669425,10551
1510,918865801,10511
1511,919614225,10507
1512,919664677,10500
1513,632152,10499
1514,919679668,10497
1515,7798280,10490
1516,919677612,10489
1517,919672974,10457
1518,918724325,10449
1519,919489344,10415
1520,919677449,10408
1521,919671215,10378
1522,919678665,10374
1523,919574487,10371
1524,919318363,10363
1525,919678032,10339
1526,7838993,10300
1527,5424497,10277
1528,919356625,10256
1529,919679943,10243
1530,919535828,10223
1531,919670419,10210
1532,919679666,10202
1533,8190184,10194
1534,487690,10174
1535,919675535,10166
1536,8234151,10152
1537,919478188,10149
1538,919657743,10146
1539,918691034,10129
1540,7583767,10124
1541,7882542,10093
1542,919666359,10087
1543,6117927,10086
1544,919679228,10080
1545,8174025,10067
1546,919680126,10054
1547,919678542,10049
1548,919678180,10044
1549,919673710,10043
1550,7386345,10041
1551,919641264,10036
1552,919333631,10033
1553,919678632,10016
1554,919678597,10007
1555,919415785,10003
1556,918799275,9997
1557,919538523,9989
1558,919283263,9972
1559,2210685,9965
1560,6345646,9926
1561,919543626,9926
1562,919679189,9915
1563,919303499,9909
1564,2390414,9903
1565,919651054,9900
1566,919658815,9862
1567,919438961,9822
1568,919678095,9816
1569,71727,9816
1570,6951126,9780
1571,919483520,9729
1572,919502744,9729
1573,919675675,9728
1574,919513868,9706
1575,919479085,9694
1576,919648538,9691
1577,1818317,9671
1578,919298578,9654
1579,918941182,9650
1580,919656067,9650
1581,919324627,9644
1582,919673916,9618
1583,919659690,9583
1584,919209466,9578
1585,919679672,9573
1586,919669939,9553
1587,919068105,9541
1588,918866300,9518
1589,7896370,9512
1590,919680189,9475
1591,1399640,9456
1592,919675265,9433
1593,919673819,9413
1594,919680212,9407
1595,919677465,9404
1596,6952184,9400
1597,919341748,9372
1598,7918904,9353
1599,919674977,9350
1600,919487922,9325
1601,919678855,9289
1602,6912528,9276
1603,919679801,9248
1604,919677434,9241
1605,919428453,9234
1606,919209748,9204
1607,2098199,9198
1608,919479204,9193
1609,919678897,9164
1610,919645110,9153
1611,919677828,9118
1612,919679600,9117
1613,919593699,9098
1614,919564318,9035
1615,5295749,9026
1616,7958102,9019
1617,919678916,9006
1618,919450079,8993
1619,6649681,8987
1620,7763113,8976
1621,919591797,8963
1622,919678932,8963
1623,919623927,8962
1624,918805004,8943
1625,919679005,8940
1626,919556057,8938
1627,918692207,8922
1628,919676880,8913
1629,919679832,8884
1630,1843855,8879
1631,918874680,8824
1632,919678329,8815
1633,919677332,8814
1634,919464204,8799
1635,919417093,8790
1636,6578558,8780
1637,919625533,8769
1638,8014228,8764
1639,919675121,8761
1640,7331047,8756
1641,918772718,8746
1642,6807326,8727
1643,919678054,8711
1644,919679478,8706
1645,919253374,8695
1646,7938402,8694
1647,6109400,8691
1648,919641971,8680
1649,919152881,8666
1650,1643892,8651
1651,5975778,8650
1652,7215972,8637
1653,919185307,8634
1654,919669452,8634
1655,919673957,8580
1656,919676759,8571
1657,919509173,8553
1658,919677507,8539
1659,919656164,8532
1660,919678111,8532
1661,1919009,8524
1662,5481259,8519
1663,8195376,8518
1664,919680741,8514
1665,1084222,8510
1666,7852894,8508
1667,919675180,8501
1668,919675529,8501
1669,2331988,8496
1670,919153242,8495
1671,7169676,8493
1672,919677623,8483
1673,919450164,8456
1674,6566724,8449
1675,919679934,8434
1676,919452784,8421
1677,918721142,8416
1678,919304681,8391
1679,919478405,8388
1680,919675734,8385
1681,919451099,8358
1682,918864038,8346
1683,1122447,8337
1684,919559175,8332
1685,919636606,8330
1686,919676520,8328
1687,8024875,8323
1688,5282681,8322
1689,919110380,8293
1690,808910,8286
1691,919469388,8283
1692,919669688,8282
1693,919676279,8279
1694,7776606,8258
1695,919529147,8257
1696,918788394,8249
1697,919679246,8233
1698,919676495,8220
1699,5379204,8217
1700,919447151,8184
1701,919528619,8177
1702,919169245,8166
1703,919531709,8163
1704,919590161,8138
1705,919558557,8138
1706,918896060,8138
1707,919680280,8129
1708,919303005,8114
1709,7705905,8104
1710,919677377,8088
1711,961294,8085
1712,919564968,8083
1713,919646077,8074
1714,919594228,8065
1715,919675484,8058
1716,918632131,8039
1717,7024603,8023
1718,6837607,8000
1719,919650363,7994
1720,521059,7980
1721,8152033,7974
1722,1132052,7957
1723,919667986,7952
1724,8188583,7951
1725,919524568,7944
1726,919676131,7931
1727,919415180,7923
1728,919598410,7911
1729,919519434,7907
1730,919461836,7880
1731,958799,7874
1732,919479556,7871
1733,919505440,7871
1734,928814,7869
1735,919630597,7855
1736,919541378,7842
1737,918753545,7826
1738,919332907,7821
1739,919679352,7821
1740,918790482,7806
1741,6901102,7796
1742,919668240,7777
1743,6415980,7773
1744,919530091,7753
1745,5407186,7740
1746,918679104,7733
1747,919680322,7691
1748,7980345,7680
1749,919679205,7671
1750,6191316,7642
1751,919677685,7638
1752,918651873,7633
1753,919480237,7610
1754,919236434,7606
1755,7891981,7598
1756,919679734,7597
1757,919677908,7547
1758,644784,7541
1759,919680012,7532
1760,919670288,7524
1761,7925813,7508
1762,919473871,7503
1763,8011504,7496
1764,434730,7495
1765,919253820,7491
1766,919515291,7482
1767,5400524,7456
1768,919358298,7445
1769,8164844,7419
1770,919679592,7416
1771,918938076,7407
1772,1837092,7386
1773,5859477,7374
1774,919447589,7362
1775,919000965,7357
1776,919337580,7350
1777,919679655,7327
1778,919613389,7317
1779,919678237,7316
1780,919458893,7311
1781,6218514,7311
1782,919668671,7306
1783,734145,7290
1784,919237182,7280
1785,6734663,7260
1786,919669132,7259
1787,919679448,7254
1788,918977192,7254
1789,321940,7230
1790,1677148,7222
1791,919135734,7215
1792,919552223,7210
1793,919287205,7200
1794,919664588,7183
1795,1698438,7183
1796,1889796,7181
1797,919408332,7163
1798,5478868,7160
1799,919678452,7154
1800,919678168,7149
1801,7499372,7144
1802,919304517,7143
1803,1136057,7134
1804,919412218,7123
1805,918971979,7116
1806,919666700,7108
1807,919526327,7074
1808,919619857,7055
1809,918675815,7054
1810,919480767,7051
1811,919488651,7029
1812,919320138,7027
1813,919677948,7001
1814,919489747,6994
1815,919458740,6994
1816,918781334,6988
1817,919671958,6984
1818,918936027,6975
1819,918842760,6969
1820,919679529,6925
1821,919680538,6922
1822,919648407,6910
1823,919665165,6908
1824,919414837,6880
1825,823408,6878
1826,919666585,6866
1827,919666339,6864
1828,918811436,6860
1829,919679263,6857
1830,919647707,6848
1831,8016533,6845
1832,919495999,6845
1833,919588262,6830
1834,919641594,6795
1835,7954351,6789
1836,434467,6786
1837,919677982,6783
1838,6470892,6774
1839,1582489,6772
1840,919679320,6772
1841,919005075,6747
1842,919555330,6732
1843,919677458,6730
1844,919490672,6716
1845,919660224,6703
1846,919359622,6695
1847,819638,6680
1848,918868019,6650
1849,918677191,6634
1850,919215145,6628
1851,919674891,6606
1852,919655390,6601
1853,919678690,6579
1854,919490009,6563
1855,919679759,6557
1856,919679583,6554
1857,919663275,6532
1858,7122482,6530
1859,919671742,6527
1860,919672758,6526
1861,8206802,6526
1862,919633911,6513
1863,918887337,6507
1864,7370821,6505
1865,919675099,6493
1866,919494506,6491
1867,919562303,6484
1868,7972592,6477
1869,6202142,6451
1870,919680158,6450
1871,919656510,6444
1872,919607052,6441
1873,919506664,6402
1874,919479277,6400
1875,919045081,6396
1876,7397491,6385
1877,7248147,6385
1878,919019553,6374
1879,2277079,6368
1880,7705061,6363
1881,919459988,6363
1882,7300046,6356
1883,919645088,6342
1884,919360653,6331
1885,919678466,6325
1886,5687378,6321
1887,919499785,6309
1888,919616231,6298
1889,330836,6276
1890,919504961,6275
1891,919679044,6272
1892,919434406,6266
1893,919529714,6262
1894,575104,6253
1895,919449007,6252
1896,182548,6243
1897,919544837,6235
1898,919522275,6225
1899,1074471,6219
1900,919676409,6217
1901,7932995,6207
1902,919035212,6199
1903,919680462,6180
1904,919594368,6180
1905,6914999,6166
1906,919221843,6164
1907,989168,6159
1908,7548446,6156
1909,919679181,6153
1910,918734121,6151
1911,134698,6150
1912,919271570,6137
1913,919674824,6128
1914,919528587,6124
1915,919520329,6099
1916,919361944,6098
1917,919522187,6090
1918,2102596,6085
1919,919599130,6075
1920,919678936,6071
1921,919679978,6065
1922,919083349,6058
1923,919606899,6056
1924,7119872,6048
1925,5412059,6043
1926,919626398,6041
1927,1789914,6029
1928,6593917,6021
1929,138202,6017
1930,919656308,6004
1931,919218785,5995
1932,919656464,5992
1933,7538345,5983
1934,6100575,5980
1935,7664914,5979
1936,919675074,5974
1937,7623076,5972
1938,919679837,5959
1939,919643825,5957
1940,919678641,5954
1941,787499,5953
1942,919619070,5951
1943,8182007,5950
1944,919640001,5949
1945,6727001,5932
1946,7392042,5923
1947,919505229,5913
1948,919676499,5910
1949,919490624,5910
1950,6225864,5899
1951,919468390,5898
1952,6701185,5895
1953,919623853,5894
1954,919680653,5893
1955,919679442,5884
1956,919677852,5866
1957,709363,5865
1958,919663943,5859
1959,919678524,5857
1960,8137079,5852
1961,919676224,5842
1962,919341113,5838
1963,919677423,5837
1964,918827676,5825
1965,918697738,5821
1966,919678445,5820
1967,919679621,5811
1968,919337110,5811
1969,7218480,5802
1970,1998535,5795
1971,919467169,5787
1972,919479233,5775
1973,919669662,5770
1974,919179939,5769
1975,919671086,5768
1976,919446380,5766
1977,919592225,5765
1978,919426945,5754
1979,919086475,5752
1980,919630683,5750
1981,6681927,5749
1982,919674514,5736
1983,919576011,5733
1984,919666306,5731
1985,919575131,5730
1986,1635381,5727
1987,7154218,5722
1988,919674403,5714
1989,919626778,5714
1990,919503515,5709
1991,919560810,5687
1992,919387003,5685
1993,919678447,5682
1994,919678213,5672
1995,919672777,5667
1996,919619714,5654
1997,919049243,5650
1998,919452834,5643
1999,919522398,5623
2000,919677083,5617
2001,918944164,5617
2002,1916056,5615
2003,919150017,5612
2004,919581106,5606
2005,919615833,5596
2006,8009241,5586
2007,919262632,5581
2008,919639368,5567
2009,919667107,5547
2010,919140025,5524
2011,7710033,5517
2012,919585996,5515
2013,919547052,5515
2014,918674871,5512
2015,919411929,5512
2016,919010919,5509
2017,919662271,5497
2018,919201490,5494
2019,7091672,5474
2020,919582918,5465
2021,919381786,5456
2022,919136074,5417
2023,919680419,5413
2024,440236,5409
2025,919678486,5401
2026,919279823,5401
2027,6669073,5396
2028,2305899,5393
2029,919676711,5387
2030,7540600,5385
2031,919664876,5385
2032,6751342,5374
2033,919676698,5369
2034,919477105,5365
2035,554916,5352
2036,918897113,5346
2037,919234453,5344
2038,6258019,5313
2039,919672609,5310
2040,919301819,5310
2041,919519941,5308
2042,5973559,5304
2043,6394150,5300
2044,919300652,5298
2045,919679233,5282
2046,919677150,5279
2047,919362445,5272
2048,919680341,5265
2049,919680708,5250
2050,919680092,5250
2051,919678901,5242
2052,919675945,5237
2053,919643890,5225
2054,7953644,5220
2055,7366227,5219
2056,919533440,5214
2057,919679288,5210
2058,6520151,5203
2059,919511342,5197
2060,6021607,5187
2061,919674823,5174
2062,5750953,5162
2063,7795595,5153
2064,919563784,5144
2065,677733,5143
2066,919506598,5133
2067,919579659,5126
2068,919675359,5121
2069,919643166,5110
2070,7473856,5108
2071,919335087,5103
2072,225290,5090
2073,210031,5087
2074,1870462,5081
2075,918921168,5080
2076,919677761,5078
2077,919678813,5075
2078,919364556,5068
2079,919677533,5051
2080,919678444,5040
2081,918697662,5025
2082,919680381,5016
2083,919666499,5016
2084,918854353,5012
2085,919678828,4997
2086,919172954,4978
2087,919678978,4943
2088,919429393,4942
2089,919667514,4929
2090,919624040,4926
2091,919677901,4918
2092,919598572,4916
2093,6134424,4908
2094,8152723,4904
2095,919472596,4904
2096,919678301,4902
2097,919368830,4895
2098,919678292,4893
2099,919680671,4880
2100,919526826,4879
2101,919678520,4867
2102,919677323,4858
2103,919282787,4855
2104,1506532,4844
2105,919524347,4843
2106,919663669,4835
2107,962343,4822
2108,918953116,4821
2109,919342874,4821
2110,919429509,4800
2111,6568227,4798
2112,7028803,4797
2113,919581750,4790
2114,919678530,4772
2115,919313448,4767
2116,7816327,4758
2117,1163364,4751
2118,919283831,4730
2119,919541485,4728
2120,919526051,4718
2121,8152098,4711
2122,7724041,4700
2123,919604761,4689
2124,1499711,4679
2125,919667551,4677
2126,7686182,4673
2127,919382364,4644
2128,1518132,4626
2129,919672292,4623
2130,7336667,4622
2131,8231434,4611
2132,8219045,4606
2133,919620196,4605
2134,2115578,4598
2135,919678905,4595
2136,7470466,4581
2137,919410019,4574
2138,919679141,4535
2139,6724579,4520
2140,919076859,4514
2141,1237443,4512
2142,7091861,4512
2143,919503872,4488
2144,8241656,4487
2145,919143378,4487
2146,918645436,4472
2147,919312954,4465
2148,919613340,4463
2149,919310996,4461
2150,919587443,4459
2151,8239230,4458
2152,919642828,4456
2153,919678122,4450
2154,919653302,4448
2155,8112459,4444
2156,919510964,4444
2157,919493400,4432
2158,919545736,4425
2159,919403003,4421
2160,919677865,4420
2161,7597336,4415
2162,7696257,4414
2163,919467135,4408
2164,919488884,4397
2165,919532449,4393
2166,919674856,4390
2167,8189188,4378
2168,2292693,4366
2169,919679493,4366
2170,2297077,4357
2171,919676436,4355
2172,919192834,4351
2173,919460217,4336
2174,8206675,4334
2175,919647009,4329
2176,919664231,4328
2177,8201908,4307
2178,919540924,4301
2179,919668666,4299
2180,919606543,4298
2181,919057187,4289
2182,919664595,4284
2183,919492903,4271
2184,919498652,4267
2185,919676346,4252
2186,919585105,4251
2187,919675474,4251
2188,919678574,4239
2189,919672037,4223
2190,5442674,4220
2191,919679530,4219
2192,932546,4215
2193,919676591,4212
2194,919681289,4211
2195,919668884,4198
2196,919520930,4196
2197,919679065,4187
2198,919632971,4180
2199,919677445,4179
2200,918641814,4179
2201,919672819,4166
2202,919681116,4166
2203,919305909,4154
2204,919430533,4150
2205,919680131,4149
2206,8187383,4144
2207,105514,4112
2208,919671408,4110
2209,919679175,4108
2210,919671891,4106
2211,919503117,4102
2212,919021117,4102
2213,919676873,4101
2214,7633305,4098
2215,1473041,4088
2216,7345027,4065
2217,919117101,4064
2218,919530492,4060
2219,8055630,4050
2220,919674348,4048
2221,919154927,4028
2222,2137283,4026
2223,919680641,4006
2224,918781906,4005
2225,919519377,3985
2226,919121560,3982
2227,7705390,3973
2228,918687397,3964
2229,919347958,3958
2230,7473337,3956
2231,6519220,3943
2232,919610973,3938
2233,919680378,3931
2234,919289984,3924
2235,919556946,3912
2236,919590446,3908
2237,919507002,3903
2238,919679810,3900
2239,919347305,3899
2240,5522689,3899
2241,283735,3899
2242,919668754,3895
2243,919679518,3889
2244,919290491,3886
2245,919680308,3883
2246,919679650,3882
2247,919433509,3881
2248,919495827,3881
2249,919431992,3879
2250,919656805,3877
2251,919511972,3867
2252,919673030,3863
2253,919680837,3862
2254,919550283,3851
2255,919516977,3835
2256,2227812,3832
2257,918800340,3827
2258,919463144,3826
2259,919666650,3826
2260,6118206,3826
2261,919676959,3820
2262,5362460,3817
2263,7361365,3812
2264,919613519,3811
2265,6556661,3797
2266,919533743,3797
2267,919415989,3784
2268,919467489,3781
2269,919679577,3767
2270,919549783,3762
2271,431402,3755
2272,7544065,3750
2273,919679984,3748
2274,919665661,3747
2275,919673832,3747
2276,919679611,3730
2277,919477508,3724
2278,919656138,3716
2279,919407835,3713
2280,244587,3707
2281,919246576,3696
2282,919536505,3695
2283,918898782,3689
2284,223966,3687
2285,919673748,3682
2286,919679276,3681
2287,919672784,3681
2288,918960333,3678
2289,531505,3674
2290,919502889,3669
2291,919506682,3664
2292,69687,3662
2293,919679581,3658
2294,919653092,3657
2295,919675621,3654
2296,919678594,3643
2297,5630838,3622
2298,919569526,3600
2299,5352341,3596
2300,919470409,3594
2301,919677790,3585
2302,5277278,3578
2303,919654736,3572
2304,919312339,3567
2305,919678765,3567
2306,919679249,3566
2307,919242910,3550
2308,7948942,3541
2309,5938000,3535
2310,919652981,3526
2311,918860028,3525
2312,918929396,3522
2313,5315856,3521
2314,919483501,3519
2315,919228703,3507
2316,919677418,3502
2317,919585045,3499
2318,919298698,3487
2319,919678960,3485
2320,1753709,3485
2321,919487882,3480
2322,919622949,3477
2323,6628746,3475
2324,7835141,3471
2325,919678317,3469
2326,919346133,3462
2327,707989,3454
2328,919677996,3447
2329,919678957,3442
2330,918915418,3430
2331,6650115,3425
2332,919679285,3423
2333,919675753,3420
2334,919102785,3410
2335,919637041,3393
2336,919667929,3376
2337,347854,3366
2338,919671166,3363
2339,919680510,3362
2340,919670694,3354
2341,8279024,3351
2342,6312275,3349
2343,919468172,3348
2344,919621292,3338
2345,919336665,3337
2346,967069,3335
2347,7751840,3334
2348,919678207,3329
2349,919413126,3323
2350,919132810,3322
2351,919585101,3318
2352,919671903,3318
2353,919634818,3312
2354,919375506,3312
2355,919656288,3309
2356,919516770,3306
2357,919374260,3288
2358,919244369,3275
2359,918650702,3273
2360,1402925,3265
2361,919597071,3264
2362,919672866,3261
2363,7939766,3241
2364,919680262,3225
2365,919430675,3220
2366,919205039,3214
2367,919539627,3212
2368,2101818,3211
2369,919539522,3211
2370,919525491,3209
2371,919615432,3205
2372,919675971,3199
2373,919666928,3198
2374,919042777,3197
2375,919679791,3194
2376,8167983,3194
2377,919492150,3190
2378,919598452,3186
2379,919134078,3186
2380,919673846,3182
2381,586183,3172
2382,919679721,3172
2383,919623992,3150
2384,6250121,3148
2385,919673315,3146
2386,8061834,3137
2387,1474432,3133
2388,7593376,3129
2389,1251154,3128
2390,919680085,3127
2391,919679651,3125
2392,919679133,3118
2393,284305,3101
2394,919679524,3098
2395,918833796,3093
2396,919559054,3090
2397,919666474,3088
2398,919296151,3077
2399,919628287,3073
2400,919679455,3051
2401,6863098,3043
2402,7822831,3034
2403,919666326,3030
2404,179221,3028
2405,7794839,3007
2406,6053349,2998
2407,919679491,2994
2408,919643378,2994
2409,918797136,2993
2410,918659195,2992
2411,919349407,2989
2412,47921,2983
2413,919549044,2980
2414,919680255,2955
2415,919004828,2952
2416,8189335,2948
2417,919492938,2938
2418,919680787,2935
2419,919406076,2934
2420,919397859,2910
2421,919679258,2909
2422,919061514,2907
2423,919651424,2906
2424,919680607,2897
2425,919672599,2887
2426,919670594,2876
2427,919679677,2857
2428,919680343,2852
2429,181879,2848
2430,919487568,2845
2431,6614154,2843
2432,5760382,2836
2433,919678217,2831
2434,919671858,2827
2435,1638639,2822
2436,919580545,2818
2437,7713829,2815
2438,919679564,2805
2439,5331533,2795
2440,919679271,2789
2441,1962125,2787
2442,919595598,2775
2443,919618495,2770
2444,918979698,2769
2445,919599218,2767
2446,919583739,2765
2447,919669371,2763
2448,919679033,2760
2449,6345259,2752
2450,919660595,2751
2451,919584739,2750
2452,919571170,2738
2453,919678843,2736
2454,919680295,2726
2455,919650836,2724
2456,1254038,2721
2457,919678034,2720
2458,919680788,2714
2459,919494709,2712
2460,919460723,2710
2461,939919,2706
2462,1033875,2704
2463,919663679,2699
2464,7902972,2697
2465,919500758,2696
2466,919679095,2691
2467,919672666,2684
2468,5938566,2669
2469,919575881,2665
2470,919400530,2661
2471,919513974,2658
2472,2460343,2650
2473,919679321,2642
2474,919391326,2639
2475,919678783,2638
2476,919667899,2628
2477,8279671,2625
2478,919678156,2616
2479,7125534,2614
2480,919513274,2612
2481,7319349,2612
2482,1943174,2611
2483,1920830,2601
2484,919662476,2599
2485,918858683,2592
2486,919607646,2590
2487,2200087,2588
2488,919157746,2587
2489,919043012,2583
2490,919676717,2583
2491,919670752,2582
2492,919320368,2578
2493,919676994,2578
2494,919673311,2568
2495,8208606,2566
2496,919679150,2564
2497,919679933,2562
2498,7299955,2552
2499,919679557,2551
2500,919504144,2550
2501,919670498,2542
2502,919676071,2536
2503,919677870,2535
2504,919161937,2525
2505,2267217,2500
2506,7861079,2499
2507,918765234,2497
2508,919341100,2488
2509,918643958,2486
2510,7555380,2483
2511,7681173,2480
2512,919676740,2474
2513,919678418,2464
2514,919605840,2462
2515,919680109,2462
2516,919679815,2460
2517,919679004,2455
2518,919676625,2455
2519,2242283,2436
2520,919440492,2431
2521,58031,2425
2522,6993667,2416
2523,7789403,2411
2524,919537482,2403
2525,7268560,2401
2526,919564279,2400
2527,919679510,2400
2528,919680335,2398
2529,919663411,2398
2530,329666,2394
2531,918925473,2394
2532,919133911,2391
2533,919362198,2389
2534,919424481,2386
2535,919337355,2384
2536,919157912,2375
2537,919593463,2372
2538,919234470,2369
2539,919623110,2367
2540,919680014,2364
2541,919049946,2356
2542,7026842,2350
2543,6680107,2348
2544,919360118,2347
2545,919678443,2341
2546,919539512,2340
2547,5797008,2338
2548,918971115,2337
2549,919666865,2323
2550,919506069,2323
2551,919558479,2319
2552,919636951,2317
2553,8031099,2316
2554,919672774,2312
2555,919348038,2307
2556,919471506,2306
2557,919675792,2304
2558,919662985,2303
2559,919672348,2300
2560,919677829,2296
2561,7714791,2294
2562,2013236,2292
2563,918735770,2291
2564,919679546,2285
2565,1143322,2284
2566,919679342,2279
2567,919681288,2276
2568,7076272,2273
2569,919474915,2267
2570,919673087,2266
2571,7075492,2265
2572,919673198,2265
2573,919679937,2259
2574,919680043,2257
2575,919679994,2256
2576,7133123,2255
2577,919678229,2244
2578,8052104,2243
2579,6965133,2242
2580,7859528,2242
2581,919680698,2241
2582,919560389,2234
2583,919672423,2229
2584,6398827,2229
2585,919639575,2228
2586,919506662,2227
2587,919520714,2220
2588,8065163,2219
2589,919248818,2218
2590,919678889,2218
2591,8068764,2212
2592,919054917,2210
2593,919680086,2206
2594,7496217,2205
2595,919680474,2198
2596,919532260,2196
2597,919353886,2193
2598,919681074,2192
2599,919671478,2189
2600,7962906,2185
2601,919518737,2184
2602,919680679,2182
2603,6968882,2180
2604,919665673,2176
2605,919679689,2176
2606,919679865,2175
2607,919677962,2174
2608,919558854,2172
2609,701698,2167
2610,919296533,2163
2611,919675435,2159
2612,8026796,2154
2613,5644538,2152
2614,919680193,2149
2615,919678374,2147
2616,919446383,2147
2617,919076275,2144
2618,919680186,2142
2619,919679727,2140
2620,919608549,2139
2621,919678902,2129
2622,6645459,2126
2623,919680099,2120
2624,918825356,2119
2625,919532106,2114
2626,919677696,2112
2627,1641096,2111
2628,919257780,2110
2629,919678747,2108
2630,919068664,2096
2631,919680128,2094
2632,919678663,2088
2633,919680592,2087
2634,6384392,2083
2635,919668129,2082
2636,876445,2073
2637,919679852,2067
2638,919660047,2067
2639,919674755,2058
2640,1517191,2055
2641,5915725,2046
2642,919319259,2037
2643,2467363,2036
2644,919630209,2034
2645,919677151,2034
2646,919675434,2032
2647,919677247,2027
2648,919674322,2026
2649,919678642,2025
2650,919673426,2021
2651,919504253,2016
2652,919389329,2013
2653,919680534,2002
2654,919665343,2000
2655,919559325,1994
2656,6567316,1984
2657,918657251,1983
2658,1257717,1980
2659,919407157,1977
2660,919674116,1971
2661,2468703,1965
2662,919311036,1965
2663,919673483,1962
2664,919551817,1961
2665,919673726,1955
2666,919677837,1949
2667,6686476,1941
2668,919645414,1925
2669,918767338,1918
2670,919645355,1917
2671,7772652,1917
2672,919157776,1917
2673,919670067,1909
2674,919678648,1896
2675,6715913,1892
2676,919648648,1890
2677,919670748,1888
2678,6226204,1886
2679,918861343,1879
2680,919051540,1879
2681,741039,1876
2682,919502318,1875
2683,976772,1868
2684,919668892,1864
2685,919677581,1863
2686,5358156,1860
2687,6589858,1859
2688,919680661,1856
2689,919674566,1849
2690,919588691,1848
2691,7338171,1843
2692,919587076,1840
2693,919665760,1830
2694,919679624,1825
2695,5750089,1824
2696,919679640,1823
2697,2158799,1823
2698,678429,1817
2699,919076903,1803
2700,5692316,1798
2701,1818513,1795
2702,919370048,1793
2703,919659910,1793
2704,919538271,1788
2705,919605025,1787
2706,919086338,1786
2707,919618034,1785
2708,7854997,1784
2709,1909573,1782
2710,919602646,1781
2711,7635572,1778
2712,918749575,1773
2713,919678353,1773
2714,7123675,1772
2715,919474242,1771
2716,918904653,1764
2717,919679186,1763
2718,919680757,1761
2719,919665988,1759
2720,919586903,1756
2721,5923347,1756
2722,919675022,1755
2723,919375831,1752
2724,1368669,1749
2725,919680436,1745
2726,99118,1740
2727,919447659,1739
2728,6769480,1737
2729,919679177,1735
2730,919363668,1734
2731,6086470,1730
2732,919675371,1726
2733,919666634,1716
2734,7330922,1716
2735,7996413,1714
2736,919513995,1711
2737,919452773,1708
2738,471928,1705
2739,919674781,1700
2740,919649009,1693
2741,919643125,1686
2742,919640063,1684
2743,919087346,1683
2744,494288,1682
2745,8072449,1672
2746,918691381,1671
2747,919249995,1667
2748,919679725,1666
2749,919681066,1664
2750,6881645,1664
2751,8143168,1664
2752,919679798,1661
2753,918861014,1661
2754,919680952,1659
2755,2177418,1648
2756,919643300,1648
2757,919670581,1646
2758,919679647,1645
2759,919278789,1645
2760,919678625,1644
2761,919461936,1642
2762,919680352,1640
2763,919662077,1638
2764,919436494,1637
2765,919680443,1636
2766,919674010,1636
2767,2069727,1628
2768,919680172,1625
2769,919488713,1625
2770,2383083,1624
2771,696229,1618
2772,919312897,1617
2773,919558092,1616
2774,919483594,1616
2775,919677299,1615
2776,1470574,1613
2777,919679161,1613
2778,919680231,1608
2779,8113308,1608
2780,5478519,1607
2781,919646223,1604
2782,919663519,1601
2783,919424594,1600
2784,919677849,1598
2785,8119092,1595
2786,919679822,1594
2787,7246562,1592
2788,919681514,1588
2789,919613715,1588
2790,919679862,1584
2791,919679565,1584
2792,919679904,1582
2793,2083436,1579
2794,919619927,1577
2795,919538512,1574
2796,919607677,1572
2797,918729488,1571
2798,919309191,1568
2799,717749,1565
2800,918736187,1562
2801,919679645,1560
2802,919243539,1558
2803,919078641,1556
2804,918852402,1554
2805,919536073,1552
2806,919608892,1547
2807,919677287,1545
2808,919643711,1545
2809,919510108,1540
2810,739140,1527
2811,919647752,1526
2812,8265197,1524
2813,919680294,1523
2814,919678748,1521
2815,603377,1514
2816,919671434,1512
2817,919135465,1510
2818,919535090,1510
2819,6508561,1508
2820,8283556,1506
2821,919677775,1505
2822,919677319,1501
2823,919087149,1501
2824,919646203,1495
2825,919673069,1494
2826,919679155,1492
2827,919547850,1490
2828,783818,1488
2829,919493845,1486
2830,919372746,1479
2831,919591054,1472
2832,919677733,1472
2833,2378419,1467
2834,919462242,1467
2835,919631721,1466
2836,7286519,1461
2837,919468653,1460
2838,919678463,1458
2839,919361817,1456
2840,919643996,1454
2841,919010012,1453
2842,918734784,1451
2843,919655215,1451
2844,919614425,1446
2845,919680663,1438
2846,692232,1436
2847,1039276,1432
2848,919473860,1432
2849,7802737,1431
2850,5338283,1430
2851,919681162,1430
2852,919495093,1426
2853,8112477,1424
2854,919674608,1421
2855,7840724,1417
2856,919678912,1417
2857,919366473,1415
2858,919476456,1414
2859,919591644,1413
2860,918754753,1411
2861,919679003,1411
2862,919680643,1411
2863,919677388,1411
2864,919679718,1406
2865,919580274,1404
2866,918931878,1401
2867,1938163,1400
2868,919677306,1399
2869,919501118,1396
2870,1827355,1392
2871,919679136,1391
2872,919681496,1389
2873,919573610,1387
2874,919390038,1384
2875,918763319,1384
2876,919678092,1378
2877,919679917,1376
2878,814724,1376
2879,919679881,1375
2880,919482274,1374
2881,919673843,1371
2882,2142758,1368
2883,919678358,1368
2884,6572177,1361
2885,919493663,1351
2886,919680390,1348
2887,919680846,1336
2888,7826162,1336
2889,919581404,1330
2890,919678569,1328
2891,919647719,1326
2892,919612331,1325
2893,919681030,1324
2894,919637441,1323
2895,6508423,1322
2896,8246109,1318
2897,426413,1317
2898,5636447,1317
2899,7272707,1314
2900,7160918,1314
2901,919587429,1309
2902,919680803,1304
2903,919681413,1301
2904,1281265,1294
2905,419478,1293
2906,919610419,1292
2907,919138556,1291
2908,919661318,1290
2909,919667841,1279
2910,919666879,1277
2911,919675369,1275
2912,919675532,1265
2913,1933905,1259
2914,475208,1258
2915,980820,1258
2916,919519260,1250
2917,919677454,1250
2918,919604537,1250
2919,919676909,1248
2920,919678189,1248
2921,919667371,1248
2922,918735121,1246
2923,6583858,1244
2924,919297177,1242
2925,919086743,1239
2926,919525439,1237
2927,919275859,1232
2928,8196033,1230
2929,1888390,1227
2930,919534914,1227
2931,919672150,1226
2932,7290887,1225
2933,918891459,1221
2934,919024571,1221
2935,919663637,1220
2936,919680306,1220
2937,919680761,1217
2938,919679568,1216
2939,919679009,1209
2940,919417074,1206
2941,919515482,1197
2942,919679961,1195
2943,919678848,1194
2944,919286022,1192
2945,919640617,1188
2946,919672057,1184
2947,2457333,1184
2948,919641705,1182
2949,919665315,1181
2950,919681197,1178
2951,919680974,1176
2952,919679885,1176
2953,919676202,1176
2954,919494307,1173
2955,6600749,1173
2956,99535,1172
2957,7584394,1172
2958,919680569,1164
2959,918826287,1162
2960,919303001,1161
2961,919617118,1156
2962,919656153,1154
2963,919316430,1154
2964,919674623,1152
2965,919449048,1148
2966,919661817,1148
2967,919679872,1147
2968,919680907,1143
2969,919680623,1143
2970,919679929,1141
2971,919681313,1136
2972,919498476,1135
2973,919679326,1133
2974,6252362,1132
2975,919679656,1130
2976,919663041,1127
2977,7437943,1122
2978,919681306,1121
2979,919679570,1119
2980,8121405,1116
2981,5280953,1113
2982,919455503,1111
2983,6197419,1107
2984,919246491,1100
2985,7255924,1096
2986,8233593,1088
2987,919642605,1086
2988,919652013,1084
2989,919195517,1083
2990,919202652,1083
2991,919679513,1081
2992,6577201,1081
2993,919534069,1074
2994,918998602,1073
2995,919205488,1073
2996,919620064,1071
2997,6384174,1069
2998,8140909,1068
2999,919604228,1065
3000,919681045,1061
3001,974230,1061
3002,919126210,1059
3003,1569956,1056
3004,919603142,1054
3005,919679919,1054
3006,919203209,1053
3007,919680759,1051
3008,6434781,1047
3009,919569040,1041
3010,1611882,1040
3011,919614564,1040
3012,919134404,1040
3013,919003560,1035
3014,919677417,1028
3015,919675527,1025
3016,919669806,1024
3017,7883261,1024
3018,919627597,1024
3019,7743680,1012
3020,1253176,1010
3021,919502368,1010
3022,7525596,1009
3023,7620647,1009
3024,172338,1008
3025,5936300,1008
3026,2402436,1005
3027,919589312,1004
3028,7493678,997
3029,919610774,997
3030,2396773,996
3031,7595641,992
3032,919680572,989
3033,919485541,986
3034,919647298,986
3035,919679859,985
3036,6166962,978
3037,919583797,978
3038,919680163,977
3039,919680215,976
3040,919680471,975
3041,919679869,975
3042,918633648,974
3043,919673341,973
3044,919571708,972
3045,919680021,972
3046,919629698,971
3047,919465768,970
3048,918637271,969
3049,919679746,968
3050,918982609,964
3051,919671046,962
3052,919679641,962
3053,919565976,962
3054,919664491,961
3055,919344681,959
3056,6077522,956
3057,919034272,950
3058,8277287,947
3059,919681421,945
3060,919538538,943
3061,919680120,942
3062,919676806,942
3063,919672807,940
3064,8088214,940
3065,919673516,939
3066,919113554,935
3067,919531705,935
3068,919482342,934
3069,5547958,932
3070,919680153,932
3071,919468683,932
3072,919443928,928
3073,2112120,928
3074,919680567,925
3075,919491436,924
3076,919679784,923
3077,1922760,918
3078,8058703,917
3079,5532582,916
3080,919681466,914
3081,1277975,914
3082,919679780,912
3083,919468636,912
3084,919680239,911
3085,6240677,905
3086,918746577,902
3087,919679632,895
3088,7631403,894
3089,919599486,894
3090,919476268,892
3091,919519206,889
3092,919504619,888
3093,919681441,888
3094,919679997,886
3095,919678723,884
3096,7756131,881
3097,918969432,879
3098,918760289,877
3099,919678942,875
3100,919534086,873
3101,919674331,872
3102,919650568,871
3103,919419051,871
3104,919680216,871
3105,919677483,866
3106,919658524,866
3107,8244646,863
3108,919656687,862
3109,6919619,862
3110,919580569,860
3111,919306103,860
3112,919295773,859
3113,2458509,857
3114,919681324,854
3115,919223603,854
3116,6202008,853
3117,919680983,853
3118,8103929,852
3119,919680344,851
3120,918733462,849
3121,5561329,848
3122,919680217,848
3123,919605619,844
3124,919662425,842
3125,919165510,840
3126,6025096,840
3127,919680888,838
3128,919680380,838
3129,919679824,836
3130,919679250,833
3131,919673768,828
3132,919662061,825
3133,919675367,824
3134,919007264,821
3135,5459484,820
3136,919678598,818
3137,919681268,817
3138,2360826,813
3139,7672576,812
3140,5498922,812
3141,8124798,811
3142,919679507,810
3143,919657898,809
3144,919648643,808
3145,919681118,804
3146,919673867,800
3147,919669089,800
3148,919611305,797
3149,919645842,792
3150,1121324,790
3151,919669443,789
3152,7972378,785
3153,918679717,782
3154,919448082,781
3155,919599818,780
3156,919681403,780
3157,6874321,777
3158,919498829,774
3159,2302651,773
3160,919636898,773
3161,7842664,773
3162,919555032,772
3163,919558789,771
3164,918728988,770
3165,919333664,769
3166,919680601,768
3167,919680875,768
3168,6897472,767
3169,919680904,763
3170,919679322,762
3171,2389305,759
3172,919564969,753
3173,919680881,753
3174,919672361,752
3175,919678849,749
3176,919307009,746
3177,919675811,746
3178,919600216,743
3179,6903862,741
3180,919582234,738
3181,919563475,737
3182,919678465,733
3183,919589555,732
3184,919657393,731
3185,2266720,728
3186,919020691,722
3187,919681653,718
3188,9924,717
3189,919671186,717
3190,919644441,711
3191,8046309,710
3192,8091124,709
3193,919271338,709
3194,919292596,707
3195,919554843,706
3196,6137967,706
3197,5522703,705
3198,8082488,704
3199,1320245,703
3200,919679818,701
3201,919681179,700
3202,919681586,700
3203,1433271,697
3204,919681531,695
3205,919672880,695
3206,919649600,695
3207,919520526,693
3208,919678350,693
3209,919591125,692
3210,919677165,691
3211,919659632,690
3212,919551576,686
3213,919680098,686
3214,919509047,685
3215,919680486,684
3216,804519,682
3217,919681132,681
3218,8205915,681
3219,919638418,680
3220,570027,678
3221,919679363,677
3222,919310880,676
3223,918975725,672
3224,919680015,671
3225,7437028,670
3226,919679387,667
3227,8124581,665
3228,919681725,665
3229,919649505,663
3230,919538761,662
3231,919652286,659
3232,919675172,659
3233,919680167,659
3234,919024563,659
3235,919615934,656
3236,919478383,655
3237,6496656,654
3238,919557942,652
3239,919585452,650
3240,919610048,650
3241,919634734,649
3242,8011523,647
3243,407402,646
3244,919679143,643
3245,919678106,643
3246,919591776,641
3247,425772,638
3248,919678816,637
3249,918968909,635
3250,918880419,635
3251,919678224,635
3252,919679112,635
3253,305017,633
3254,919561400,632
3255,6348137,630
3256,919657583,627
3257,919584632,626
3258,919679665,622
3259,906718,621
3260,919644381,619
3261,919680037,618
3262,919680493,618
3263,919680175,617
3264,919411933,614
3265,919669739,613
3266,6439726,613
3267,918767164,611
3268,919680259,610
3269,8049653,609
3270,7158102,609
3271,919646275,607
3272,919679203,601
3273,5439021,600
3274,919556373,600
3275,919679421,599
3276,8195416,598
3277,919648142,597
3278,919678582,597
3279,2458633,595
3280,2073680,594
3281,1291501,589
3282,507531,588
3283,919677365,584
3284,918831937,584
3285,918820963,581
3286,918657975,577
3287,919246054,577
3288,1592793,576
3289,919680071,576
3290,919681669,574
3291,6104574,572
3292,218889,572
3293,919678610,572
3294,5999184,572
3295,7568217,571
3296,919668798,570
3297,919628159,566
3298,919654636,564
3299,7027072,564
3300,919560357,563
3301,919681578,562
3302,2460044,561
3303,919676105,559
3304,7744970,559
3305,919524844,559
3306,919679625,558
3307,919670717,552
3308,919679303,551
3309,1412717,548
3310,919469520,546
3311,919618196,546
3312,919681655,544
3313,919584182,540
3314,919665407,540
3315,919659747,539
3316,919677016,539
3317,919680360,539
3318,919659499,538
3319,919487438,537
3320,446407,537
3321,7462113,537
3322,919184962,536
3323,919681536,536
3324,7224967,535
3325,919681328,534
3326,919291733,534
3327,919517035,533
3328,1962226,531
3329,919681400,530
3330,6248603,529
3331,919680878,528
3332,7711977,528
3333,918774939,527
3334,6906322,526
3335,1637902,526
3336,919629670,522
3337,919680263,522
3338,919676459,521
3339,919676636,521
3340,8289186,520
3341,919612516,520
3342,7361930,520
3343,919583948,519
3344,919527506,519
3345,919006841,519
3346,919608502,516
3347,919482448,516
3348,919494764,515
3349,919680743,515
3350,5476883,514
3351,919673231,514
3352,7784714,513
3353,45760,511
3354,919681144,509
3355,919412806,508
3356,919663808,506
3357,444924,505
3358,919679097,504
3359,919681330,503
3360,2118366,500
3361,919317553,500
3362,919681208,500
3363,919626835,498
3364,7016959,494
3365,6343212,492
3366,919681124,489
3367,7853994,489
3368,919675129,489
3369,919553320,487
3370,8195781,487
3371,919464330,487
3372,919535026,486
3373,919371642,485
3374,7116649,483
3375,919680385,483
3376,2124887,482
3377,919677304,481
3378,919680414,480
3379,946119,480
3380,918746267,480
3381,919678550,480
3382,1083784,478
3383,919681196,476
3384,356001,475
3385,6620397,475
3386,919508465,470
3387,919679693,468
3388,919681304,468
3389,919238418,467
3390,477722,465
3391,1223747,464
3392,6352466,464
3393,919590570,462
3394,919506980,461
3395,919668772,460
3396,919667399,458
3397,919494270,457
3398,919680740,456
3399,919679107,455
3400,919677162,455
3401,919424528,454
3402,919561995,453
3403,919419030,447
3404,919456636,446
3405,919678878,442
3406,919541986,440
3407,919681189,438
3408,919681348,437
3409,919680304,437
3410,919680229,436
3411,7696727,435
3412,919681557,435
3413,7957583,430
3414,919594078,430
3415,5721190,430
3416,8013839,430
3417,919681207,429
3418,919681018,428
3419,919681172,427
3420,919681188,425
3421,360528,422
3422,919665041,419
3423,919680410,418
3424,8138333,418
3425,919679453,418
3426,919362028,416
3427,919524968,413
3428,919583903,412
3429,919680893,410
3430,1321732,409
3431,919573546,409
3432,8149151,407
3433,919114766,407
3434,919680253,406
3435,919681126,405
3436,919681138,404
3437,919527101,404
3438,919650897,404
3439,919675284,403
3440,919296273,403
3441,5527294,401
3442,919663081,400
3443,919678388,400
3444,919565179,400
3445,919679792,400
3446,2397911,398
3447,5936626,398
3448,8073194,397
3449,919597636,396
3450,919457328,396
3451,919678977,396
3452,8125103,395
3453,919599238,394
3454,919681389,393
3455,919551629,393
3456,919679914,393
3457,919550516,392
3458,919681627,392
3459,5569980,392
3460,2195832,392
3461,919537329,391
3462,919294745,390
3463,7604381,388
3464,6675048,388
3465,1513889,385
3466,7996883,382
3467,919536532,382
3468,919508425,381
3469,919677081,381
3470,919678325,380
3471,7140372,380
3472,2347868,380
3473,919676162,377
3474,1988640,376
3475,919655539,375
3476,919677869,374
3477,919610630,371
3478,1207302,370
3479,919681482,369
3480,919507993,368
3481,919681439,367
3482,919552542,366
3483,8285988,365
3484,8187857,364
3485,919648819,364
3486,919236738,363
3487,7875697,363
3488,2103983,363
3489,2472601,362
3490,919679724,362
3491,919654350,362
3492,481127,361
3493,919468220,359
3494,919622363,359
3495,919547903,359
3496,919378460,358
3497,919672080,356
3498,919525251,356
3499,919680609,355
3500,7530933,352
3501,6474336,350
3502,919525338,350
3503,7512765,347
3504,6479767,347
3505,919679855,347
3506,919679799,346
3507,6699985,346
3508,919681302,346
3509,919677987,345
3510,919680227,343
3511,919075380,342
3512,919680387,340
3513,919680407,340
3514,1588459,339
3515,919679554,338
3516,6897325,336
3517,919626378,333
3518,7358666,333
3519,919678874,332
3520,7824374,332
3521,919560262,331
3522,6174272,329
3523,919673095,328
3524,919554004,327
3525,919680953,327
3526,919679875,326
3527,919008664,326
3528,919679946,326
3529,919681091,325
3530,919679963,325
3531,918970760,324
3532,919649097,322
3533,919680356,321
3534,919439715,321
3535,919674076,318
3536,919622839,317
3537,919679783,316
3538,7929307,315
3539,919680426,314
3540,919681145,313
3541,919681081,313
3542,6073491,312
3543,919681008,311
3544,919663840,309
3545,919198992,309
3546,919242122,308
3547,919610377,307
3548,159900,307
3549,919681101,307
3550,6467778,305
3551,649335,305
3552,919680469,304
3553,919496310,304
3554,919562122,304
3555,919539471,303
3556,6669953,303
3557,7958440,301
3558,919681277,300
3559,919219869,300
3560,919158086,299
3561,919670415,299
3562,919678633,299
3563,919681237,299
3564,919670870,298
3565,919675670,297
3566,6886027,297
3567,919679590,296
3568,919550286,296
3569,919680711,296
3570,918784831,296
3571,919296234,293
3572,7308259,292
3573,919679128,291
3574,5953754,290
3575,919488488,290
3576,6630993,289
3577,919667408,288
3578,919122583,287
3579,919676169,286
3580,919539209,286
3581,919663603,284
3582,919498546,284
3583,919497702,282
3584,919458455,282
3585,919587706,281
3586,919199018,281
3587,919679483,281
3588,6415860,280
3589,1136757,280
3590,919680824,280
3591,1703229,279
3592,919424670,278
3593,5654579,276
3594,919678119,276
3595,919558021,275
3596,919461012,273
3597,7486662,273
3598,919680125,271
3599,919679663,271
3600,8028413,270
3601,919680218,270
3602,919618047,270
3603,919105737,269
3604,919530882,268
3605,919102044,266
3606,919676168,266
3607,919679525,265
3608,918672525,264
3609,1886612,264
3610,919624485,264
3611,919681619,263
3612,919681180,263
3613,919651405,263
3614,919517365,263
3615,919677677,261
3616,919681406,260
3617,7565019,260
3618,919651000,258
3619,7894748,257
3620,919681130,257
3621,919679631,256
3622,7044996,255
3623,7430744,254
3624,7468538,254
3625,919680135,252
3626,919670080,252
3627,919678434,250
3628,919679234,250
3629,8011209,247
3630,919680755,247
3631,919680096,247
3632,919680384,246
3633,8157736,246
3634,919636172,245
3635,5310243,245
3636,2366496,243
3637,919593520,242
3638,919681084,241
3639,919516849,240
3640,919549340,240
3641,919681043,240
3642,919680877,240
3643,919647185,239
3644,6947475,238
3645,919681209,237
3646,919679356,235
3647,919680347,234
3648,919680876,234
3649,7441153,233
3650,919680850,230
3651,919680957,230
3652,919680853,230
3653,919680769,228
3654,919680576,228
3655,919553478,227
3656,919606939,227
3657,919678251,227
3658,919629734,226
3659,919574214,225
3660,8084912,225
3661,919006844,225
3662,919680997,225
3663,919679652,223
3664,919681135,223
3665,919678423,223
3666,919662094,221
3667,919458026,220
3668,919624255,219
3669,5409936,218
3670,160245,218
3671,919358794,218
3672,918829275,217
3673,2437952,217
3674,919474986,216
3675,2311891,216
3676,919680987,215
3677,919579092,214
3678,5298262,213
3679,919422382,212
3680,919666523,212
3681,919680487,211
3682,6114130,211
3683,919504209,210
3684,919680481,210
3685,919681136,210
3686,919680637,210
3687,225648,210
3688,919491943,209
3689,919337576,208
3690,919531783,208
3691,919224403,207
3692,8155255,207
3693,919681146,206
3694,919645804,205
3695,919607720,204
3696,919679849,204
3697,919681378,203
3698,919603323,201
3699,919608452,200
3700,919676990,200
3701,918938240,200
3702,919604121,199
3703,919681617,198
3704,919680961,197
3705,919681480,196
3706,919467653,195
3707,919681077,195
3708,919677479,194
3709,7555533,193
3710,919677701,193
3711,919176863,192
3712,919607584,192
3713,919669929,191
3714,919524143,191
3715,919675673,190
3716,919679357,189
3717,919681278,189
3718,919680328,189
3719,918898737,186
3720,625501,186
3721,919681597,185
3722,919341632,184
3723,919272867,183
3724,919680948,183
3725,919680634,183
3726,919681265,183
3727,919681035,182
3728,919681003,182
3729,919472547,182
3730,919659985,182
3731,919681459,182
3732,919681165,182
3733,919681369,182
3734,919505238,181
3735,5455467,180
3736,8253670,180
3737,919680001,179
3738,919675896,179
3739,7995499,178
3740,6493022,177
3741,919122040,177
3742,7836663,177
3743,8173580,176
3744,919681199,176
3745,919681325,176
3746,919677896,176
3747,919681625,176
3748,984642,175
3749,2241552,174
3750,953333,172
3751,5846630,172
3752,7832971,172
3753,919567451,172
3754,918727002,171
3755,919681184,171
3756,919643178,171
3757,2460127,170
3758,8176904,170
3759,1087192,170
3760,8173123,170
3761,919680527,170
3762,919676283,169
3763,919030553,169
3764,919670746,168
3765,919514358,168
3766,919678160,166
3767,919681525,166
3768,919490877,165
3769,919216454,165
3770,919637009,164
3771,7307468,163
3772,919343204,163
3773,5520040,162
3774,919669070,162
3775,919614650,162
3776,919648969,162
3777,919061465,161
3778,919646091,161
3779,919681587,161
3780,919679931,159
3781,919680666,158
3782,919607977,158
3783,377487,157
3784,6226962,157
3785,8012775,156
3786,919582499,156
3787,919680488,155
3788,5939176,155
3789,919679519,154
3790,919607945,154
3791,6664431,152
3792,7269203,148
3793,919608176,148
3794,919413879,148
3795,919668138,146
3796,919523016,144
3797,919663176,144
3798,5580746,144
3799,919680617,144
3800,919678255,143
3801,919211480,143
3802,919681639,143
3803,919681458,142
3804,919678986,142
3805,919501887,142
3806,7444067,141
3807,918979484,141
3808,919373371,140
3809,1632776,140
3810,919678109,139
3811,919681663,139
3812,919643732,138
3813,919532342,138
3814,919681131,136
3815,919418574,136
3816,919679165,136
3817,919500714,135
3818,1706204,135
3819,919282854,134
3820,919612769,133
3821,6910934,133
3822,919485981,132
3823,8218310,132
3824,919660685,131
3825,919123116,131
3826,919664481,131
3827,919530606,130
3828,918666284,130
3829,919527963,130
3830,919549618,130
3831,919681604,130
3832,919671066,129
3833,919606217,129
3834,919553921,128
3835,8115148,128
3836,7930966,127
3837,919680966,127
3838,919497725,127
3839,919595891,127
3840,919680509,125
3841,919681407,125
3842,637105,123
3843,919681297,122
3844,919681069,122
3845,919679062,122
3846,919681187,122
3847,919681365,121
3848,919512050,121
3849,919681678,121
3850,919681599,120
3851,1685083,120
3852,624282,120
3853,8148586,119
3854,919679595,119
3855,919681015,119
3856,919680958,118
3857,919680600,118
3858,919503555,118
3859,919681404,117
3860,919680030,117
3861,919678623,117
3862,919519408,116
3863,919442772,116
3864,919680651,116
3865,919613277,116
3866,7222790,115
3867,919680348,115
3868,919566076,114
3869,7916730,114
3870,919285996,113
3871,919018462,113
3872,919681097,112
3873,443543,112
3874,919647810,112
3875,919681428,112
3876,919680557,111
3877,919440699,110
3878,8290653,108
3879,919680817,108
3880,919681287,108
3881,919681078,108
3882,7350242,107
3883,919681442,106
3884,919242117,106
3885,919679355,106
3886,919339529,105
3887,918818273,105
3888,5663821,105
3889,919681318,104
3890,6942064,104
3891,919680106,104
3892,919680065,104
3893,919591291,104
3894,7500628,102
3895,919436407,102
3896,918994452,101
3897,919163250,101
3898,919679386,100
3899,919680969,100
3900,919680781,100
3901,919662917,100
3902,919680813,100
3903,919438739,100
3904,1655928,100
3905,918728757,100
3906,919680562,100
3907,919497438,99
3908,919680608,98
3909,8245039,98
3910,2141648,98
3911,919520048,98
3912,919680928,96
3913,7582367,96
3914,7896415,93
3915,919681182,93
3916,919681435,93
3917,919680900,93
3918,919075412,92
3919,919680925,92
3920,919681050,92
3921,7664884,91
3922,1848688,91
3923,919447544,91
3924,8236078,90
3925,919679690,90
3926,919454965,89
3927,6174353,89
3928,7105853,88
3929,918902501,87
3930,7000261,87
3931,919681080,87
3932,919541061,86
3933,919681273,85
3934,919681260,84
3935,3855991,84
3936,919680292,84
3937,918707799,83
3938,919588258,82
3939,919644773,82
3940,919673943,82
3941,919681337,80
3942,919680453,80
3943,7888995,80
3944,919681023,80
3945,919681168,80
3946,5517619,80
3947,919680555,80
3948,919681517,80
3949,7822363,80
3950,919681484,79
3951,919663580,78
3952,919217863,78
3953,7394120,78
3954,919680867,78
3955,919649931,78
3956,919309147,78
3957,919681448,77
3958,919680906,77
3959,919494704,77
3960,919253569,77
3961,919679354,76
3962,919679443,76
3963,919650641,76
3964,919485858,76
3965,919518344,76
3966,919681645,75
3967,919677945,75
3968,1616860,74
3969,919680478,74
3970,919626092,74
3971,919429469,70
3972,7595670,70
3973,919677984,70
3974,919680938,70
3975,919604786,69
3976,8194773,69
3977,919415549,69
3978,919681522,68
3979,919679654,68
3980,919680999,67
3981,1124701,67
3982,919680584,66
3983,919616943,66
3984,919681490,66
3985,919591353,66
3986,6006324,66
3987,7010092,65
3988,919385006,65
3989,919679032,65
3990,919679814,65
3991,919431614,65
3992,919679340,65
3993,919681598,65
3994,5327645,63
3995,919490437,63
3996,919680394,63
3997,919681855,62
3998,7696298,62
3999,8146712,62
4000,919681103,62
4001,919571442,62
4002,919101655,62
4003,919681093,62
4004,919538249,61
4005,919681388,61
4006,919681061,60
4007,919623237,58
4008,919648605,58
4009,919676823,58
4010,7960417,58
4011,919681541,57
4012,919678904,57
4013,7439819,57
4014,919681217,56
4015,7958849,56
4016,919680395,56
4017,919675953,56
4018,6802209,56
4019,919568353,56
4020,919589344,56
4021,919188027,56
4022,919671768,55
4023,919680051,54
4024,919317762,54
4025,919680995,53
4026,919590696,53
4027,919678531,53
4028,919531066,52
4029,919680762,52
4030,7736488,52
4031,919681177,52
4032,919681210,52
4033,919680677,52
4034,919604936,52
4035,919681235,51
4036,919678974,51
4037,919174146,51
4038,236801,50
4039,5520244,50
4040,919679995,50
4041,919618607,50
4042,919653771,49
4043,919680399,48
4044,801236,48
4045,919679704,48
4046,6154947,48
4047,919655945,48
4048,919681534,46
4049,184850,46
4050,919680705,46
4051,7766645,46
4052,919680455,46
4053,919263872,46
4054,919679225,44
4055,919681584,44
4056,919681450,44
4057,919681359,42
4058,919680112,42
4059,7270627,42
4060,919681516,42
4061,2359354,41
4062,67540,41
4063,919092298,41
4064,919681025,41
4065,919679748,40
4066,919681368,40
4067,918713402,40
4068,919514590,40
4069,919678793,40
4070,919351392,40
4071,919679275,40
4072,919681203,40
4073,919374603,40
4074,919655555,39
4075,919680104,38
4076,919681106,38
4077,919538771,38
4078,919359328,38
4079,919395830,38
4080,919557965,38
4081,919681315,37
4082,919666436,37
4083,919678528,37
4084,919680371,37
4085,919497411,37
4086,919535127,37
4087,8172465,37
4088,919425815,36
4089,919659540,36
4090,919680823,36
4091,919680868,34
4092,919679597,34
4093,1104219,34
4094,919681333,34
4095,919197755,32
4096,919166770,32
4097,6156108,32
4098,7008466,32
4099,919583714,32
4100,919637496,32
4101,919516806,32
4102,919681139,32
4103,919680884,32
4104,919576231,32
4105,6900543,31
4106,919681048,31
4107,919680375,31
4108,919566837,31
4109,919602351,31
4110,919552130,30
4111,6741393,30
4112,5928148,30
4113,919644056,30
4114,919657096,30
4115,919681361,30
4116,919679703,30
4117,919321818,28
4118,919577243,28
4119,919681088,28
4120,8206078,28
4121,919681507,28
4122,2287116,28
4123,2217516,28
4124,919680914,28
4125,919681547,26
4126,919681440,26
4127,919589733,26
4128,919425352,26
4129,366988,26
4130,919631240,26
4131,919492891,26
4132,8138698,26
4133,919023652,26
4134,919681554,26
4135,919612998,26
4136,2436856,25
4137,919559231,25
4138,77840,24
4139,919680595,24
4140,919551646,24
4141,919661877,23
4142,919681014,23
4143,7196915,23
4144,919189655,23
4145,919681506,23
4146,919680923,22
4147,919679738,22
4148,919679767,22
4149,919573760,22
4150,919680089,22
4151,919492588,22
4152,919646689,22
4153,919681054,21
4154,919681211,21
4155,7629348,21
4156,919641271,21
4157,919655882,20
4158,919556602,20
4159,919493487,20
4160,919641777,20
4161,919526087,20
4162,919681295,20
4163,2470451,20
4164,720432,20
4165,919681610,20
4166,278273,20
4167,919585121,20
4168,919679482,20
4169,919527224,20
4170,6710706,20
4171,919551645,20
4172,919679980,19
4173,919480410,19
4174,919468349,19
4175,7795075,18
4176,919681083,18
4177,7968088,18
4178,919681272,18
4179,919257070,18
4180,919681231,18
4181,919681332,18
4182,919103704,18
4183,919680196,18
4184,919606524,17
4185,919680797,17
4186,919680230,17
4187,7333707,17
4188,919681148,17
4189,919680784,16
4190,919680241,16
4191,919681095,16
4192,639435,16
4193,2207794,16
4194,919680072,15
4195,919678240,15
4196,306976,14
4197,919447948,14
4198,919679168,14
4199,919681246,14
4200,7093079,14
4201,855622,14
4202,919681427,14
4203,918630292,14
4204,919681280,14
4205,919681658,13
4206,919680448,13
4207,2435271,13
4208,6297621,13
4209,919471299,13
4210,919611048,13
4211,919560606,13
4212,919569779,12
4213,919680825,12
4214,919621414,12
4215,919680546,12
4216,919668932,12
4217,6958404,11
4218,6851184,10
4219,919393121,10
4220,919679886,10
4221,919680932,10
4222,7026620,10
4223,919601440,10
4224,919011871,10
4225,919072285,10
4226,919172792,10
4227,731467,10
4228,1771427,10
4229,919681357,10
4230,919177596,10
4231,919680918,10
4232,7599697,10
4233,919437918,10
4234,919679123,10
4235,919672606,10
4236,919681027,10
4237,919645612,10
4238,1787763,10
4239,7939252,10
4240,919680869,10
4241,919631994,10
4242,919585848,10
4243,919680475,10
4244,919680416,10
4245,919490011,10
4246,6980098,10
4247,919680017,10
4248,919680836,10
4249,6938548,10
4250,919046241,9
4251,919680526,8
4252,919681186,8
4253,919680627,8
4254,919534072,8
4255,8037536,8
4256,919679956,8
4257,919197751,8
4258,5368021,8
4259,7540338,8
4260,6607002,8
4261,919670974,8
4262,919681381,8
4263,6109561,8
4264,919352752,7
4265,919603982,7
4266,919499239,7
4267,919549339,6
4268,919120440,6
4269,919680083,6
4270,919461893,6
4271,919462326,6
4272,919618642,6
4273,919680470,6
4274,6383934,6
4275,7666088,6
4276,6692880,5
4277,919657988,5
4278,5491075,4
4279,919643274,4
4280,919677320,4
4281,919547529,4
4282,8221294,4
4283,6849012,4
4284,919645641,4
4285,919529754,4
4286,919679839,4
4287,919680279,4
4288,919681528,4
4289,919681478,4
4290,919681004,4
4291,919562896,4
4292,7288019,3
4293,919681372,3
4294,919449649,3
4295,919680774,3
4296,7968497,3
4297,919546675,3
4298,919681632,2
4299,919680680,2
4300,919681641,2
4301,919617958,2
4302,919681051,2
4303,919681225,2
4304,1679258,2
4305,919584149,2
4306,919606948,2
4307,919656139,1
4308,7420003,1
4309,919681431,1
4310,919661584,1
4311,919492521,1
4312,919501192,1
4313,918632750,1
4314,919681150,1
4315,919597776,1
4316,919672683,1
4317,919311542,1
4318,919681668,1
4319,918764907,1
4320,653892,1
4321,919681290,1
4322,2387229,1
4323,919681073,1
4324,919508387,1
