1,919473031,2047441
2,6518098,1970750
3,919501106,1715079
4,919351310,1711018
5,919476182,1690075
6,250302,1522457
7,6463824,1512865
8,919626731,1272561
9,919453825,1212790
10,919141241,1117130
11,919106936,939798
12,919677588,827486
13,919676213,817182
14,919671702,621490
15,7713240,608302
16,919632698,606386
17,8030244,600108
18,919676476,595733
19,919673516,587897
20,919556949,576934
21,7729811,574682
22,5453280,571805
23,1703327,570082
24,8004090,535230
25,918635654,505416
26,919673649,498618
27,919588934,487766
28,919672587,480430
29,918883343,469159
30,1413055,464627
31,6714301,463947
32,6944735,452457
33,919672933,447038
34,1960243,421199
35,7090866,415585
36,919381653,407160
37,919112793,400541
38,919677720,395576
39,919655187,390329
40,919225797,388624
41,918658041,374491
42,919565561,374418
43,6943434,371632
44,7652376,370771
45,919666661,365578
46,985327,356833
47,919499537,354909
48,919430945,350706
49,919676868,340561
50,7553079,330766
51,919567222,325717
52,7270052,325498
53,919448953,324047
54,8216961,322086
55,919519870,321634
56,919500783,321569
57,919673874,320949
58,919664318,319224
59,5635912,318475
60,2279925,314843
61,7756287,314022
62,919167999,309131
63,7420245,306871
64,8141122,303637
65,7470466,301157
66,919676453,295705
67,829805,292292
68,919655765,286754
69,1127691,282753
70,919524151,280624
71,919671344,279290
72,919199920,278582
73,919506344,274836
74,918727106,271808
75,919438374,270180
76,919613742,269009
77,918768399,267818
78,919662774,265991
79,7141726,262660
80,919381931,261665
81,919643030,259193
82,919271570,258099
83,918668369,249288
84,7515203,248816
85,919454997,248178
86,919650249,245875
87,7935327,244611
88,2851,243761
89,919675879,242842
90,919515891,240334
91,1481313,240107
92,919035681,238663
93,7471725,237394
94,7161081,234941
95,918760289,232944
96,919678009,230495
97,919673651,229915
98,919668057,229426
99,6215720,228778
100,919479335,222273
101,919649890,221741
102,919516208,220930
103,6880461,218651
104,7630883,218451
105,919622278,216698
106,919591071,216091
107,1148209,215443
108,919675965,213055
109,919282327,211852
110,6369282,211101
111,919676451,209276
112,7123081,209222
113,919676086,208031
114,6792718,205804
115,6013902,204511
116,8179733,199016
117,1197704,198901
118,919419209,194319
119,919671899,191489
120,918742361,188869
121,919063167,186494
122,918995533,185075
123,7445223,184773
124,919663666,183277
125,8133871,183172
126,919500019,182924
127,919625456,182629
128,919670880,181968
129,919678515,179124
130,919672253,173923
131,918827105,172985
132,918832694,172180
133,919349805,171129
134,1474592,168411
135,5712664,167018
136,919621546,166109
137,919003103,164846
138,7670231,163460
139,2384837,163351
140,919655123,162229
141,919666867,161200
142,919465771,159507
143,919676414,158257
144,7818634,157805
145,919010030,157254
146,7052444,156664
147,745517,156199
148,860712,156110
149,919661900,155783
150,919669887,155331
151,919234229,152568
152,919219455,151973
153,5388988,149723
154,919659913,149525
155,919667459,148258
156,919600304,147604
157,919675991,146452
158,7925813,146027
159,1897555,145843
160,919676877,145689
161,919308506,144934
162,919674494,144694
163,919675869,144504
164,919673674,143460
165,918850381,141679
166,919668829,141666
167,919520733,141505
168,918679104,140791
169,8095624,139796
170,7098091,139380
171,919555073,139013
172,6979129,138101
173,919658213,137950
174,919475862,136964
175,5286867,136810
176,6214450,136403
177,919677851,135959
178,919263096,135722
179,919561270,135699
180,6002698,135458
181,919641656,134490
182,681429,132967
183,919679639,132491
184,919582775,132060
185,7745268,131873
186,6547209,131834
187,919637426,131403
188,919601494,131198
189,919673829,130797
190,919255708,129616
191,919412230,129423
192,919672018,128930
193,5917753,128305
194,6622295,127904
195,509100,127648
196,919573444,126798
197,919495065,126767
198,8122077,126214
199,919307382,126088
200,1301489,124758
201,919421097,124502
202,1629992,124165
203,5291491,123472
204,919544888,122471
205,2468357,121836
206,919675850,121710
207,919157780,121363
208,5276221,121344
209,6192372,121189
210,6969263,121086
211,7901525,120298
212,7074510,120140
213,918691034,119508
214,7161805,119088
215,919607690,118948
216,919508657,117673
217,919566760,117455
218,918853616,117154
219,919652893,115686
220,7299229,115434
221,7077724,114877
222,919678146,114495
223,919672777,114009
224,919665178,113874
225,919671487,113803
226,919673543,113572
227,919676407,112485
228,6123353,111388
229,919003753,111274
230,919677977,110304
231,919515697,110116
232,921611,109744
233,5405016,109585
234,919673928,109413
235,2058770,109280
236,918974055,109100
237,919577171,109090
238,919676945,108951
239,5335051,108516
240,919549162,108336
241,919593885,107943
242,230211,106937
243,801208,106916
244,5331568,106045
245,919680099,105945
246,6285740,105850
247,919463152,105191
248,919482725,104741
249,6864913,104426
250,919677302,103921
251,919666945,103643
252,919669994,102672
253,919641647,102227
254,7855000,102217
255,919582918,101680
256,919555140,101582
257,5695735,101397
258,919358913,101199
259,2316170,100984
260,919538761,100858
261,919592433,100587
262,919676116,100130
263,7794839,100008
264,919677887,99617
265,919673341,99525
266,919245274,99421
267,919634542,98975
268,919481658,98849
269,919465948,98716
270,919609067,98701
271,919676639,98679
272,919678110,98350
273,919247421,98293
274,919675901,98042
275,919675507,97968
276,919674639,97857
277,919675219,97659
278,8269713,97617
279,919679526,97337
280,919652936,97323
281,7526451,96607
282,1611882,96196
283,1825434,95924
284,919662864,95704
285,7889682,95487
286,919678239,95037
287,919480858,94974
288,919660855,94419
289,919675352,94033
290,919679136,93996
291,918997442,93772
292,919672257,93212
293,7565517,92997
294,919549672,92845
295,919657672,92767
296,2385377,92448
297,919677599,91965
298,918634053,91470
299,919438961,91004
300,919650882,90824
301,7422886,90570
302,919678410,90369
303,7197739,89940
304,8114138,89781
305,8112459,89389
306,5416901,88942
307,6299615,87470
308,919458561,86904
309,919657536,86819
310,918747421,86643
311,919546843,86596
312,919646879,86527
313,919585292,86527
314,919503726,86493
315,919675416,86239
316,918888095,86235
317,919391900,86167
318,919507252,85864
319,919342675,85830
320,919346680,85648
321,919679826,85483
322,919666804,85453
323,7701077,84952
324,919555795,84607
325,7361930,84483
326,6607121,84320
327,919303973,84296
328,1293347,84189
329,1592793,83626
330,1312627,83605
331,919545222,83550
332,1674,83326
333,919604517,82968
334,919659126,82788
335,919646503,82311
336,6056898,82031
337,919327217,81906
338,882635,81739
339,5394998,81661
340,919589893,81621
341,919671430,81514
342,919614425,81176
343,919676700,81132
344,919646596,81130
345,919528263,81090
346,919309365,80465
347,8114578,80448
348,7882068,80310
349,6237737,80281
350,8084002,80000
351,919608030,79313
352,919625730,78862
353,919664143,78475
354,919565349,78229
355,919677318,78110
356,919088358,77820
357,919433440,77556
358,7036812,77090
359,278946,77083
360,1528181,77070
361,890208,77024
362,7041608,76880
363,919541772,76389
364,919677558,76201
365,919670398,75698
366,919541054,75696
367,919679718,75618
368,919610311,75232
369,1231948,74624
370,6344325,74312
371,919613340,74287
372,7928213,74182
373,7946098,74044
374,7938454,73597
375,918725314,73225
376,919416900,72778
377,5508452,72751
378,6240341,72663
379,919619860,72615
380,919539061,72589
381,7345262,72583
382,919258446,71928
383,919637270,71661
384,919676591,71558
385,919677193,71540
386,919219572,71536
387,919656138,71190
388,919351274,71122
389,919581872,71077
390,113569,71017
391,6886876,70871
392,919678452,70730
393,919650368,70240
394,918858345,70208
395,919679342,69844
396,919606338,69531
397,919326917,69282
398,919678871,69268
399,919269696,69052
400,919312760,68767
401,919675710,68512
402,919673790,68409
403,919514563,68377
404,919447923,68271
405,919674021,68109
406,7660551,67557
407,919589047,67451
408,919248842,67308
409,5432494,67090
410,918796938,66936
411,919392682,66780
412,918826725,66742
413,7988164,66708
414,919349061,66662
415,919678469,66474
416,7455580,66258
417,919675394,66161
418,919677899,66122
419,919071304,65938
420,918943526,65848
421,5625167,65813
422,2083151,65704
423,919651424,65595
424,6639240,65585
425,919676100,65517
426,6064525,65471
427,919674805,65218
428,2090317,65055
429,455314,65005
430,7980345,64965
431,919664496,64918
432,7926106,64647
433,919395926,64591
434,919677734,64559
435,919673670,64460
436,919301299,64455
437,5337570,64380
438,919673518,64234
439,919651767,64184
440,919526994,64170
441,919291551,63920
442,919305423,63916
443,919166685,63723
444,1194782,63638
445,918748991,63618
446,919678192,63374
447,919677244,63184
448,919441122,63136
449,919617895,63008
450,919520714,62907
451,919549363,62906
452,918735770,62778
453,7488710,62472
454,8169307,62368
455,919355146,62231
456,919679185,62102
457,919087688,61988
458,919677416,61984
459,7988561,61861
460,919309124,61817
461,919064058,61792
462,5738024,61733
463,919643253,61731
464,7130396,61634
465,918750983,61492
466,5981987,61266
467,919670362,60758
468,919463873,60754
469,919390316,60556
470,919095909,60469
471,82220,60274
472,919179994,59793
473,7949322,59764
474,7526119,59619
475,919677792,59496
476,1501202,59448
477,919672779,59401
478,919660204,59347
479,919644420,59221
480,919501224,59022
481,919615180,58869
482,919675799,58584
483,5407186,58418
484,5621189,58314
485,7917957,58215
486,919230858,58204
487,919287587,58015
488,919547252,57935
489,919159342,57924
490,946119,57917
491,5378796,57842
492,919678176,57799
493,919679175,57760
494,6710204,57648
495,919672712,57560
496,919647005,57545
497,919491129,57543
498,919670288,57252
499,6249893,57171
500,919678754,57018
501,14585,56830
502,8161149,56752
503,7077416,56726
504,7284151,56714
505,919569186,56695
506,919677729,55966
507,5296579,55870
508,5551228,55856
509,8032736,55797
510,919680021,55673
511,7919252,55398
512,919669092,55286
513,919578744,55037
514,919672262,55009
515,5367443,54741
516,919667939,54670
517,919555573,54650
518,919628942,54514
519,919674219,54475
520,5357826,54193
521,6645459,53882
522,919673975,53558
523,919482897,53535
524,919677401,53519
525,1629486,53440
526,919463144,53192
527,8142957,53012
528,919677139,52920
529,7987467,52885
530,7955706,52774
531,7522252,52746
532,5461706,52666
533,919554358,52567
534,919674965,52441
535,919493400,52264
536,919586410,52067
537,919417093,51866
538,919507775,51845
539,919485766,51616
540,8130761,51469
541,919426494,51406
542,919671434,51396
543,919673428,51281
544,919040201,51218
545,2460335,51012
546,7578076,50947
547,919672241,50767
548,919678863,50633
549,6845667,50582
550,919673583,50419
551,919670576,50414
552,919147265,50308
553,7971160,50298
554,919675851,50099
555,919212,49956
556,6880739,49945
557,919676906,49919
558,7993055,49768
559,919679104,49703
560,8140032,49684
561,919670489,49638
562,918907362,49629
563,919348475,49604
564,1585618,49518
565,2310646,49187
566,7087553,49168
567,919575131,49102
568,919660877,48878
569,919489360,48829
570,919491921,48789
571,7370821,48299
572,2323298,48277
573,919671137,48209
574,6707963,48169
575,919679344,48158
576,7204231,48157
577,919679194,48041
578,919309370,48023
579,6345427,47964
580,919634874,47607
581,919063641,47602
582,919416722,47432
583,919498257,47372
584,919677918,47307
585,919673609,47168
586,918740153,47164
587,919573639,46794
588,919672751,46747
589,919633488,46694
590,7973283,46633
591,919673779,46359
592,1193860,46265
593,919657131,46177
594,919639466,46153
595,919226027,45971
596,5581943,45966
597,919672916,45872
598,919542465,45819
599,8239224,45668
600,919494803,45643
601,5560931,45632
602,7456494,45631
603,919678574,45608
604,8225569,45459
605,919335578,45452
606,919316868,45441
607,919665448,45440
608,918739823,45355
609,919336127,45174
610,919233657,45144
611,8018043,45116
612,919557391,44788
613,7928191,44737
614,919469395,44708
615,919674708,44566
616,919668280,44557
617,6533067,44337
618,919467489,44272
619,919674922,44262
620,6345259,44204
621,919609981,44120
622,919469170,44118
623,919574670,44104
624,919680041,43823
625,919679139,43809
626,919658958,43755
627,919676345,43670
628,919605619,43490
629,919676492,43445
630,8152033,43220
631,919621744,43163
632,919623228,43119
633,919677579,43116
634,919678675,43045
635,919045081,42713
636,7726777,42523
637,919598555,42403
638,918881485,42333
639,919485619,42317
640,919234476,42286
641,7744489,42240
642,919604513,42221
643,919513953,42195
644,1971446,42165
645,919563321,42083
646,919381243,41845
647,919648643,41762
648,919330535,41741
649,2425222,41585
650,919678315,41567
651,919679381,41515
652,919588258,41482
653,919096337,41452
654,5335955,41415
655,919660159,41387
656,7798905,41383
657,919579900,41318
658,2350754,41315
659,919679554,41302
660,919678125,41281
661,919498310,41126
662,919361562,40974
663,919071826,40931
664,7748647,40672
665,919676915,40646
666,2278152,40630
667,919480767,40541
668,919362028,40453
669,7990422,40349
670,6002140,40290
671,919056617,40164
672,1466787,40161
673,7047555,40151
674,919615293,40098
675,2344147,40068
676,7902972,40059
677,919676578,39918
678,1787176,39885
679,919678278,39764
680,919667053,39667
681,919581410,39663
682,919601666,39618
683,919530492,39424
684,919675814,39342
685,919431408,39178
686,919670822,39100
687,1657009,39062
688,5273748,38883
689,919255687,38882
690,919676040,38863
691,1218856,38820
692,391015,38773
693,7171747,38689
694,919500383,38649
695,7846723,38583
696,7592481,38578
697,919518228,38459
698,7324242,38434
699,6906386,38433
700,7069218,38391
701,918681735,38193
702,919677381,38187
703,919589271,38120
704,919677180,37941
705,919677511,37908
706,919678264,37834
707,919504302,37727
708,919653985,37650
709,919248665,37559
710,919579161,37528
711,919679419,37502
712,919630481,37433
713,6892754,37394
714,919110311,37372
715,919569974,37355
716,919310741,37307
717,7173852,37277
718,918650702,37213
719,918922155,37201
720,2445468,37172
721,919557014,37081
722,919673011,37077
723,6691471,37050
724,919679439,37013
725,919223923,36961
726,1352700,36904
727,918926593,36852
728,919679148,36822
729,7937431,36669
730,919679851,36651
731,919678606,36571
732,919584884,36569
733,687472,36528
734,919548757,36457
735,918716841,36372
736,919559904,36315
737,919679054,36271
738,919674943,36012
739,918770852,35994
740,919508623,35986
741,5496868,35983
742,918965668,35880
743,7031256,35693
744,919556782,35651
745,919166711,35643
746,7006928,35524
747,919670747,35521
748,2212929,35512
749,2383083,35381
750,7105869,35366
751,6993201,35255
752,843623,35173
753,919592787,35159
754,1349815,35100
755,919572469,35082
756,919676723,35064
757,919667736,35036
758,7497049,35035
759,919673657,34912
760,919655643,34888
761,919192834,34873
762,918861014,34860
763,919677693,34830
764,921727,34745
765,919662649,34685
766,1252153,34644
767,6194113,34597
768,919678058,34593
769,919676768,34517
770,919501248,34418
771,5439463,34357
772,919417201,34249
773,8081876,34221
774,919504709,34206
775,919478766,34176
776,919452694,34120
777,919680136,34119
778,7958440,34097
779,919419243,34056
780,919676602,34040
781,919675107,33986
782,919677823,33905
783,919679469,33875
784,919565264,33850
785,6005314,33760
786,919637041,33759
787,919657271,33727
788,7261950,33704
789,919662149,33575
790,844828,33547
791,7108645,33513
792,5379479,33333
793,8129506,33319
794,919675528,33260
795,919615066,33247
796,919679741,33247
797,919622326,33224
798,1823195,33163
799,919558897,33134
800,919643015,33091
801,7016959,33013
802,919680478,32967
803,407402,32943
804,919594191,32899
805,6059712,32872
806,919563397,32817
807,919678212,32666
808,1897128,32608
809,919562352,32589
810,919484390,32556
811,5990777,32396
812,6985486,32371
813,7245181,32361
814,1176186,32361
815,2097499,32273
816,6116494,32172
817,919583516,32128
818,919673186,32106
819,1540375,32055
820,919676489,32046
821,919503826,31905
822,919679821,31850
823,919669935,31793
824,919668313,31583
825,919616943,31542
826,7591791,31464
827,919678172,31453
828,1962883,31440
829,2136580,31374
830,6787690,31370
831,2157141,31369
832,919677472,31369
833,919564698,31369
834,7515409,31329
835,919666298,31318
836,6727001,31248
837,919532449,31233
838,2315679,31231
839,919675000,31229
840,919678523,31133
841,919674114,31120
842,919572247,31090
843,919590425,31013
844,919580757,31008
845,8157736,30887
846,6348137,30861
847,919603642,30807
848,919529093,30693
849,919672167,30630
850,6793094,30534
851,919679288,30512
852,919299192,30475
853,976826,30474
854,919643939,30451
855,919654696,30380
856,7434049,30299
857,919675526,30207
858,846256,30205
859,919643831,30178
860,7805778,30114
861,919680124,29932
862,919667556,29919
863,6513727,29745
864,244587,29734
865,919678690,29717
866,7848167,29673
867,919680119,29590
868,7897715,29565
869,5314517,29477
870,918745846,29320
871,919455140,29318
872,919141077,29286
873,919381352,29107
874,5832818,29105
875,919626092,29033
876,919677822,28931
877,919339393,28681
878,919659659,28664
879,2379513,28566
880,919608340,28461
881,2237844,28453
882,919669566,28388
883,919221088,28352
884,8016440,28325
885,919565753,28255
886,919458699,28173
887,919584632,28103
888,7186632,27978
889,919678418,27951
890,919446965,27903
891,919561268,27865
892,919664697,27778
893,919555330,27637
894,919646883,27583
895,919524831,27544
896,6576176,27507
897,919538523,27502
898,184850,27467
899,919676620,27456
900,919439740,27424
901,6123735,27370
902,919676667,27335
903,919672558,27263
904,919670946,27198
905,919570132,27112
906,919676631,27057
907,919292360,27016
908,919554262,26977
909,919676465,26970
910,919610896,26939
911,1340067,26926
912,7629317,26916
913,919679074,26912
914,919359444,26804
915,919671806,26793
916,6997666,26723
917,919272943,26720
918,872102,26646
919,919006231,26601
920,919438550,26583
921,7921730,26566
922,919675854,26554
923,919291705,26550
924,471088,26530
925,1355462,26487
926,919657717,26353
927,919621473,26345
928,919486715,26287
929,919678530,26264
930,919368830,26217
931,1372733,26154
932,919313071,26147
933,919653697,26132
934,431402,26126
935,919522214,26099
936,918709194,26044
937,2242830,26039
938,919670000,26029
939,8225511,25968
940,919058543,25859
941,919679150,25765
942,8146610,25721
943,919677937,25697
944,7336822,25689
945,919679430,25680
946,918748718,25661
947,918747829,25638
948,919456258,25638
949,919534086,25610
950,919676146,25576
951,919513995,25572
952,919672527,25532
953,6097886,25507
954,918906100,25451
955,919680385,25447
956,919555942,25418
957,919079409,25389
958,793190,25332
959,1049662,25330
960,919677392,25260
961,919647865,25258
962,919674892,25257
963,7265295,25222
964,918952201,25129
965,919418039,24974
966,919193514,24967
967,919644862,24875
968,919676190,24840
969,8259367,24816
970,919676013,24808
971,919423322,24790
972,7367571,24725
973,919678677,24717
974,919673307,24714
975,7985017,24678
976,7328177,24650
977,919677984,24613
978,6472363,24599
979,919385699,24594
980,919458056,24551
981,7617777,24542
982,919560981,24527
983,919133429,24471
984,8024600,24372
985,919674731,24253
986,7486662,24239
987,7940770,24205
988,6577953,24190
989,919597087,24135
990,919450305,24047
991,919671252,23976
992,919674691,23934
993,919656282,23932
994,918801947,23916
995,919641554,23743
996,8075893,23738
997,7819335,23697
998,919187452,23643
999,919523185,23602
1000,1524197,23552
1001,5980710,23512
1002,919511354,23506
1003,875767,23499
1004,6280562,23468
1005,8068764,23466
1006,919677099,23459
1007,2249171,23439
1008,919342055,23380
1009,6701185,23379
1010,8067986,23342
1011,8093791,23326
1012,1721561,23260
1013,918951992,23256
1014,919673526,23251
1015,2445106,23225
1016,919518953,23194
1017,7283130,23170
1018,919674891,23019
1019,1857633,23002
1020,919450802,22935
1021,919656970,22844
1022,7855023,22834
1023,7403536,22805
1024,5562332,22787
1025,919669977,22762
1026,6851871,22739
1027,919484127,22726
1028,7098151,22715
1029,919081515,22660
1030,919654993,22659
1031,6796367,22581
1032,1600946,22573
1033,919294206,22470
1034,7936363,22465
1035,919468264,22409
1036,919584735,22403
1037,919680448,22368
1038,5985413,22313
1039,919605190,22260
1040,919677659,22253
1041,918894244,22245
1042,919679373,22218
1043,919131132,22208
1044,930076,22157
1045,919672311,22118
1046,919675632,22113
1047,919679636,22111
1048,919669013,22065
1049,919523042,22047
1050,919432031,22026
1051,919675098,22020
1052,5515895,22019
1053,919663617,22018
1054,7124650,21927
1055,919491398,21901
1056,919508429,21868
1057,919508839,21792
1058,919108690,21736
1059,919640508,21732
1060,919677864,21665
1061,2401453,21665
1062,919125711,21594
1063,6610861,21538
1064,767476,21510
1065,919678164,21431
1066,1111807,21387
1067,919679232,21360
1068,918981591,21341
1069,1724056,21273
1070,919654343,21271
1071,919373419,21268
1072,918830401,21221
1073,919671764,21214
1074,1730767,21113
1075,919150017,21111
1076,919426945,21110
1077,8159821,21061
1078,919447338,21051
1079,919500807,21007
1080,919671776,20943
1081,2334296,20921
1082,919520201,20900
1083,265833,20873
1084,919473115,20871
1085,919674437,20845
1086,2384823,20791
1087,919676932,20783
1088,8188583,20725
1089,919667523,20703
1090,919678036,20670
1091,919676089,20658
1092,919593295,20652
1093,919679542,20638
1094,8035488,20634
1095,5424301,20558
1096,6423656,20530
1097,919627661,20499
1098,919669805,20469
1099,7812735,20450
1100,919674865,20409
1101,7216284,20362
1102,919362357,20345
1103,7174654,20328
1104,918899128,20274
1105,919332810,20256
1106,351946,20225
1107,1617886,20186
1108,919356295,20176
1109,919507501,20149
1110,8270061,20146
1111,919672336,20122
1112,8229942,20054
1113,919641517,20015
1114,919674168,20014
1115,919677050,20013
1116,8173129,19979
1117,1449080,19939
1118,919672332,19883
1119,919525065,19875
1120,919321520,19860
1121,299992,19854
1122,919646614,19853
1123,8205915,19837
1124,6298216,19814
1125,87870,19784
1126,919556460,19735
1127,1407734,19730
1128,919297873,19729
1129,919578613,19728
1130,7264198,19714
1131,919678593,19658
1132,919659671,19580
1133,919677660,19497
1134,919300656,19464
1135,7519275,19422
1136,919007962,19373
1137,8016061,19371
1138,8228577,19360
1139,919678540,19354
1140,919387079,19347
1141,919662763,19292
1142,5854092,19279
1143,919473639,19264
1144,919506996,19259
1145,919677319,19234
1146,6742667,19189
1147,919314262,19022
1148,919679219,19004
1149,919540544,18977
1150,6662909,18960
1151,919655612,18922
1152,918914217,18895
1153,919647046,18844
1154,919652118,18838
1155,1639551,18819
1156,919680059,18796
1157,919546929,18784
1158,919675374,18778
1159,919675636,18722
1160,5413918,18689
1161,919463268,18663
1162,919669295,18643
1163,6953628,18638
1164,918645510,18624
1165,1231284,18597
1166,919664759,18556
1167,919568324,18546
1168,7800270,18532
1169,919620160,18526
1170,919655965,18519
1171,919212509,18405
1172,919678854,18392
1173,7099525,18382
1174,7928063,18378
1175,919256452,18377
1176,919537590,18374
1177,6681377,18343
1178,1477021,18335
1179,7691266,18319
1180,919679470,18314
1181,919675810,18260
1182,5307371,18257
1183,919674158,18230
1184,919603640,18191
1185,919450534,18155
1186,919570966,18152
1187,919451517,18105
1188,7200151,18100
1189,919572207,17975
1190,919598713,17948
1191,919677366,17924
1192,919670943,17900
1193,918903692,17847
1194,919678907,17834
1195,919567183,17828
1196,919679989,17795
1197,2357814,17777
1198,919533743,17774
1199,919679563,17759
1200,919586471,17743
1201,1253460,17731
1202,2299062,17679
1203,8086445,17675
1204,918912283,17663
1205,919501865,17642
1206,919440484,17636
1207,281365,17622
1208,6675895,17616
1209,919550681,17579
1210,919087149,17570
1211,919678716,17506
1212,919670128,17505
1213,919225129,17471
1214,919034303,17432
1215,6378835,17421
1216,7580711,17408
1217,372053,17404
1218,5609458,17396
1219,919652297,17365
1220,919679444,17354
1221,919615431,17335
1222,919679587,17322
1223,919627330,17261
1224,919678067,17255
1225,1342751,17246
1226,919679011,17225
1227,8032546,17204
1228,919651581,17157
1229,919675492,17140
1230,918974927,17136
1231,919648538,17105
1232,479593,17092
1233,919679510,17027
1234,7308635,17005
1235,919108454,16977
1236,8092491,16965
1237,919662179,16956
1238,6158537,16948
1239,919678245,16923
1240,7599478,16913
1241,7576357,16911
1242,919367764,16904
1243,6218032,16898
1244,919675545,16889
1245,7431668,16874
1246,919680381,16874
1247,919676443,16844
1248,918748966,16777
1249,918935461,16772
1250,337973,16769
1251,919531526,16764
1252,7951655,16756
1253,8039359,16741
1254,919137067,16741
1255,919190378,16738
1256,919677841,16732
1257,8010696,16728
1258,919355440,16716
1259,6933546,16652
1260,919669686,16494
1261,919445371,16480
1262,8163547,16478
1263,2233962,16452
1264,919680073,16432
1265,919644435,16386
1266,919187189,16370
1267,919633298,16326
1268,576350,16326
1269,919366472,16309
1270,919545854,16289
1271,919640063,16246
1272,919592225,16245
1273,919270676,16222
1274,5511795,16220
1275,2378419,16202
1276,919051186,16188
1277,919644252,16184
1278,7419675,16142
1279,2373250,16098
1280,2452761,16070
1281,7935380,16065
1282,919495203,16058
1283,919321600,16037
1284,7158935,16021
1285,919497196,16007
1286,919439534,15963
1287,7771835,15960
1288,117337,15951
1289,7119547,15926
1290,919673187,15857
1291,918793084,15833
1292,919158811,15829
1293,919677087,15824
1294,918925465,15737
1295,919371696,15723
1296,5375280,15722
1297,731467,15701
1298,919674390,15698
1299,5322454,15694
1300,919678200,15687
1301,2313965,15651
1302,8137079,15637
1303,919666634,15631
1304,919552879,15625
1305,919667995,15616
1306,919678213,15606
1307,6463056,15567
1308,8028239,15562
1309,919668298,15562
1310,919591876,15513
1311,285984,15486
1312,919673143,15486
1313,919298123,15484
1314,6202142,15433
1315,919679994,15390
1316,919658567,15314
1317,919627455,15276
1318,919520461,15272
1319,2172850,15234
1320,7544289,15207
1321,919676583,15201
1322,919674366,15163
1323,919534368,15155
1324,919673710,15109
1325,919677699,15078
1326,919651579,15055
1327,919629389,15050
1328,919679524,15048
1329,919407394,15044
1330,919544445,14989
1331,919679862,14952
1332,919667901,14948
1333,919574729,14946
1334,8084460,14932
1335,919678158,14929
1336,5308328,14905
1337,919172893,14896
1338,919677264,14865
1339,7336820,14846
1340,919385980,14784
1341,919679317,14781
1342,919671091,14743
1343,78115,14716
1344,919572556,14710
1345,919549368,14698
1346,7262199,14684
1347,918865516,14651
1348,919675717,14612
1349,1136057,14547
1350,7788105,14545
1351,919498329,14526
1352,919679043,14487
1353,919666566,14463
1354,919647893,14436
1355,919223603,14429
1356,919670640,14417
1357,919674099,14401
1358,1248354,14369
1359,919643814,14353
1360,1693305,14322
1361,5704739,14311
1362,919679535,14301
1363,919321523,14288
1364,918969432,14288
1365,5372019,14284
1366,919613389,14269
1367,7798280,14242
1368,2215063,14153
1369,2199935,14152
1370,919548837,14110
1371,6709405,14071
1372,919674984,14045
1373,162884,14041
1374,919677003,14038
1375,6694128,14023
1376,919671714,14013
1377,919607052,14011
1378,919603936,13933
1379,919680015,13932
1380,919643366,13932
1381,919383861,13929
1382,919608920,13859
1383,919530077,13857
1384,919661451,13856
1385,5311356,13851
1386,937429,13840
1387,919678886,13821
1388,919531370,13812
1389,1012703,13798
1390,919417026,13784
1391,919426386,13779
1392,919680584,13769
1393,919160085,13768
1394,919597258,13735
1395,919671990,13730
1396,7876450,13718
1397,919149732,13715
1398,919286165,13699
1399,919591275,13692
1400,7543464,13660
1401,919464931,13589
1402,918724758,13535
1403,7007322,13534
1404,919669688,13526
1405,919662388,13512
1406,919331306,13509
1407,919676960,13506
1408,919678976,13495
1409,919605495,13492
1410,7568417,13415
1411,919679684,13412
1412,919367562,13406
1413,919669036,13381
1414,919674462,13378
1415,919668532,13366
1416,919497949,13365
1417,919667729,13322
1418,919498784,13317
1419,919677907,13307
1420,919520403,13219
1421,919673841,13200
1422,919497387,13196
1423,919216764,13195
1424,919614259,13195
1425,919663847,13190
1426,3855880,13169
1427,919569257,13160
1428,919368836,13156
1429,7037587,13108
1430,919483204,13098
1431,919649033,13080
1432,919640329,13080
1433,919623867,13059
1434,919656055,13033
1435,919490009,13030
1436,919612317,13020
1437,8024875,13012
1438,919602192,13004
1439,919678361,12984
1440,919649629,12980
1441,919510539,12963
1442,919344681,12947
1443,919679451,12920
1444,919610172,12920
1445,919678982,12915
1446,919656023,12907
1447,6129205,12892
1448,918884147,12889
1449,60448,12869
1450,919481090,12848
1451,919661834,12845
1452,919628909,12785
1453,1508,12782
1454,919603323,12772
1455,919330882,12766
1456,919626793,12747
1457,2444034,12736
1458,919655683,12733
1459,919676837,12711
1460,576227,12663
1461,919640956,12653
1462,919642828,12643
1463,918773979,12626
1464,919666359,12601
1465,919435708,12599
1466,919678072,12582
1467,919444359,12543
1468,919382466,12538
1469,919397595,12498
1470,919323782,12464
1471,7337764,12461
1472,2440585,12453
1473,919668687,12372
1474,919610512,12364
1475,8279671,12363
1476,919678522,12301
1477,919483520,12274
1478,919676767,12267
1479,6077522,12260
1480,919677698,12257
1481,7918904,12255
1482,919680148,12181
1483,919679744,12163
1484,919385804,12123
1485,919680253,12066
1486,919676937,12061
1487,7949585,12051
1488,919502368,12046
1489,919676942,12010
1490,919676504,12000
1491,919677505,11983
1492,6309083,11961
1493,919344608,11959
1494,919636382,11940
1495,919669756,11931
1496,919678852,11909
1497,5945989,11895
1498,919676880,11894
1499,5492317,11884
1500,919541592,11874
1501,718135,11827
1502,919177229,11811
1503,919679464,11787
1504,919670057,11774
1505,5412047,11759
1506,919675535,11745
1507,7386275,11738
1508,919679101,11726
1509,8093069,11718
1510,1278225,11706
1511,919672694,11705
1512,919678777,11699
1513,919656067,11688
1514,919670856,11667
1515,5580830,11662
1516,919484334,11641
1517,5281843,11613
1518,919679480,11606
1519,919679509,11592
1520,919679418,11579
1521,8123397,11578
1522,918679452,11577
1523,919668041,11550
1524,919049507,11533
1525,919333631,11531
1526,919676831,11482
1527,919521558,11458
1528,919672160,11432
1529,919677801,11430
1530,919641692,11416
1531,919483437,11403
1532,6136863,11395
1533,919674703,11369
1534,919052606,11360
1535,5499126,11352
1536,8063189,11329
1537,919671542,11270
1538,919138586,11261
1539,919678546,11250
1540,919521085,11210
1541,919658719,11196
1542,919679433,11186
1543,919658815,11156
1544,919567283,11141
1545,918831829,11108
1546,7613679,11103
1547,8232175,11071
1548,919324627,11057
1549,919528106,11041
1550,7270458,11038
1551,8176904,11015
1552,919679579,10990
1553,919605768,10987
1554,919661484,10975
1555,919677576,10946
1556,919679568,10940
1557,919450164,10914
1558,919676090,10884
1559,919582307,10877
1560,919356625,10873
1561,5515695,10859
1562,919672990,10857
1563,919679498,10830
1564,919679842,10829
1565,919663867,10811
1566,6851184,10801
1567,14314,10792
1568,6952184,10775
1569,434730,10761
1570,2390414,10759
1571,919673819,10749
1572,918677427,10712
1573,919448640,10708
1574,919679943,10697
1575,7930660,10681
1576,6560556,10680
1577,6682922,10671
1578,918780666,10660
1579,919209466,10659
1580,919522187,10631
1581,919678326,10616
1582,8232749,10601
1583,919479204,10593
1584,919669425,10551
1585,918865801,10511
1586,919614225,10507
1587,919653092,10503
1588,919664677,10500
1589,919679666,10500
1590,632152,10499
1591,6807326,10493
1592,919677612,10489
1593,919387003,10479
1594,919681634,10463
1595,919672974,10457
1596,919487922,10455
1597,918724325,10449
1598,6906322,10425
1599,919489344,10415
1600,919677449,10408
1601,919678032,10395
1602,919671215,10378
1603,919678665,10374
1604,919574487,10371
1605,919318363,10363
1606,7838993,10300
1607,5424497,10277
1608,6345646,10253
1609,919535828,10224
1610,919670419,10210
1611,8190184,10194
1612,918842760,10194
1613,487690,10174
1614,8234151,10152
1615,919478188,10149
1616,919657743,10146
1617,919651054,10134
1618,7583767,10124
1619,7882542,10093
1620,6117927,10086
1621,919415785,10073
1622,8174025,10067
1623,919680126,10054
1624,919678180,10044
1625,7386345,10041
1626,919641264,10036
1627,2210685,10018
1628,919678632,10016
1629,918799275,9997
1630,919669939,9943
1631,919675180,9941
1632,919543626,9926
1633,919679189,9915
1634,919303499,9909
1635,919676279,9876
1636,919675529,9857
1637,919253374,9856
1638,71727,9816
1639,919678095,9816
1640,6951126,9780
1641,919675675,9738
1642,919502744,9729
1643,919680292,9721
1644,919228703,9719
1645,919513868,9706
1646,919479085,9694
1647,1818317,9671
1648,919298578,9654
1649,918941182,9650
1650,8152098,9629
1651,918921168,9590
1652,919659690,9583
1653,918866300,9576
1654,919679672,9573
1655,2098199,9527
1656,919679003,9522
1657,7896370,9512
1658,919680189,9475
1659,918692207,9458
1660,1399640,9456
1661,6863098,9446
1662,919675265,9434
1663,7894748,9417
1664,919680212,9407
1665,919677465,9404
1666,919341748,9372
1667,919451099,9358
1668,919623927,9353
1669,919674977,9350
1670,919677434,9345
1671,918864038,9344
1672,919680851,9344
1673,7123675,9292
1674,919678855,9289
1675,6912528,9276
1676,919619927,9266
1677,919679801,9248
1678,919428453,9234
1679,919680792,9229
1680,919209748,9204
1681,8046309,9174
1682,919678897,9164
1683,919671768,9163
1684,919645110,9153
1685,919179939,9149
1686,2103983,9144
1687,919679005,9124
1688,919677828,9118
1689,919679600,9117
1690,919593699,9098
1691,919564318,9035
1692,5295749,9026
1693,7958102,9023
1694,919450079,8993
1695,6649681,8987
1696,7763113,8976
1697,919678932,8963
1698,919591797,8963
1699,918805004,8961
1700,919678054,8957
1701,919556057,8938
1702,919169245,8924
1703,919488488,8904
1704,919185307,8902
1705,919152881,8886
1706,919679832,8884
1707,1843855,8879
1708,919646077,8870
1709,7307468,8851
1710,6566724,8839
1711,918874680,8834
1712,918790482,8824
1713,919678329,8815
1714,919680104,8806
1715,919464204,8799
1716,6578558,8780
1717,919625533,8769
1718,8014228,8764
1719,919675121,8761
1720,918772718,8746
1721,919553921,8734
1722,919516977,8717
1723,918651873,8703
1724,7938402,8694
1725,6109400,8691
1726,1643892,8689
1727,919641971,8680
1728,7852894,8666
1729,5481259,8651
1730,5975778,8650
1731,7215972,8637
1732,919304681,8623
1733,919676759,8571
1734,919509173,8553
1735,919677507,8539
1736,919678111,8536
1737,1919009,8534
1738,8195376,8518
1739,919677982,8517
1740,919680741,8514
1741,1084222,8510
1742,2331988,8496
1743,919153242,8495
1744,7169676,8493
1745,919677623,8483
1746,919679934,8434
1747,919452784,8421
1748,918721142,8416
1749,919469388,8413
1750,919675734,8401
1751,919478405,8388
1752,919564968,8379
1753,7996883,8352
1754,1122447,8337
1755,5286753,8335
1756,919559175,8332
1757,919636606,8330
1758,919676520,8328
1759,5379204,8327
1760,5282681,8322
1761,919110380,8293
1762,808910,8286
1763,7499372,8262
1764,7776606,8258
1765,919529147,8257
1766,918788394,8249
1767,919679246,8233
1768,1582489,8231
1769,919675484,8225
1770,919676495,8220
1771,919447151,8184
1772,919531709,8163
1773,989168,8162
1774,919590161,8138
1775,918896060,8138
1776,918824876,8135
1777,919680280,8129
1778,7705905,8104
1779,919677377,8088
1780,961294,8085
1781,919679624,8074
1782,919594228,8065
1783,919677458,8058
1784,919680128,8044
1785,918632131,8039
1786,7024603,8023
1787,6837607,8000
1788,919650363,7994
1789,6258019,7981
1790,521059,7980
1791,919344771,7964
1792,1132052,7957
1793,919667986,7952
1794,8079682,7950
1795,919524568,7944
1796,919676131,7931
1797,919415180,7923
1798,919598410,7911
1799,919630597,7909
1800,919461836,7880
1801,2102596,7879
1802,919135734,7875
1803,958799,7874
1804,919505440,7871
1805,919479556,7871
1806,928814,7869
1807,919640001,7847
1808,919541378,7842
1809,919666585,7828
1810,919664588,7828
1811,919679352,7821
1812,919332907,7821
1813,6901102,7796
1814,919668240,7777
1815,6415980,7773
1816,918675815,7760
1817,919662294,7756
1818,919000965,7754
1819,919530091,7753
1820,919667514,7752
1821,919447659,7735
1822,919680322,7691
1823,919680538,7688
1824,1837092,7686
1825,919620196,7673
1826,919679205,7671
1827,919677685,7664
1828,919502889,7654
1829,5923347,7642
1830,6191316,7642
1831,919414837,7639
1832,918677191,7621
1833,5478868,7618
1834,919480237,7610
1835,919236434,7606
1836,7891981,7598
1837,919679734,7597
1838,5331533,7553
1839,919677908,7547
1840,644784,7541
1841,1281265,7532
1842,919680012,7532
1843,919643125,7509
1844,919253820,7491
1845,919515291,7482
1846,918977192,7474
1847,5400524,7456
1848,919358298,7445
1849,919670694,7422
1850,8164844,7419
1851,919679592,7416
1852,918938076,7407
1853,919671086,7389
1854,919645694,7375
1855,5859477,7374
1856,919681348,7367
1857,919447589,7362
1858,7218480,7352
1859,6734663,7336
1860,919679655,7327
1861,919678237,7316
1862,919458893,7311
1863,6218514,7311
1864,919668671,7306
1865,734145,7290
1866,919680115,7288
1867,919678447,7286
1868,919237182,7280
1869,919667899,7268
1870,919669132,7259
1871,919679448,7254
1872,1677148,7252
1873,919487500,7232
1874,321940,7230
1875,919562303,7229
1876,7954351,7217
1877,919552223,7210
1878,919287205,7200
1879,1698438,7183
1880,1889796,7181
1881,919440492,7170
1882,919408332,7163
1883,919678168,7155
1884,919304517,7143
1885,7705061,7142
1886,919412218,7123
1887,918971979,7116
1888,919666700,7108
1889,919526327,7074
1890,919619857,7055
1891,919488651,7029
1892,919677948,7015
1893,919458740,6994
1894,919489747,6994
1895,919671958,6984
1896,918936027,6979
1897,919452773,6963
1898,919665760,6931
1899,919665165,6920
1900,919626398,6911
1901,919648407,6910
1902,823408,6878
1903,434467,6872
1904,919666339,6864
1905,918811436,6860
1906,919679263,6857
1907,919488713,6851
1908,919647707,6848
1909,919495999,6845
1910,8016533,6845
1911,819638,6830
1912,919588262,6830
1913,919641594,6795
1914,919679320,6774
1915,6470892,6774
1916,919608452,6726
1917,919660224,6703
1918,919305909,6691
1919,6225864,6669
1920,918868019,6650
1921,919373371,6636
1922,919544837,6626
1923,919680259,6616
1924,919599130,6608
1925,7772652,6591
1926,919679583,6574
1927,919679759,6557
1928,918887337,6533
1929,919663275,6532
1930,7122482,6530
1931,919671742,6527
1932,919672758,6526
1933,8206802,6526
1934,919633911,6513
1935,7972592,6494
1936,919675099,6493
1937,919494506,6491
1938,919679285,6478
1939,919677323,6468
1940,918797136,6465
1941,919680158,6450
1942,919656510,6444
1943,919679839,6435
1944,919506664,6412
1945,919479277,6400
1946,7300046,6390
1947,7397491,6385
1948,919019553,6374
1949,2277079,6368
1950,919678520,6366
1951,919459988,6365
1952,919138556,6353
1953,7540600,6348
1954,919680426,6344
1955,919645088,6342
1956,919678466,6325
1957,5687378,6321
1958,919499785,6309
1959,919616231,6298
1960,330836,6276
1961,919504961,6275
1962,919434406,6266
1963,919666306,6265
1964,919529714,6262
1965,919656308,6254
1966,575104,6253
1967,182548,6243
1968,919522275,6225
1969,919680279,6220
1970,1074471,6219
1971,7932995,6207
1972,919035212,6199
1973,919676698,6195
1974,918734121,6190
1975,919594368,6180
1976,919680462,6180
1977,6914999,6166
1978,919221843,6164
1979,919679442,6154
1980,919679181,6153
1981,134698,6150
1982,919674824,6138
1983,919528587,6124
1984,919639368,6117
1985,919619714,6099
1986,919361944,6098
1987,919136074,6078
1988,919678936,6071
1989,919083349,6058
1990,919606899,6056
1991,919680671,6049
1992,7119872,6048
1993,5412059,6043
1994,1789914,6029
1995,138202,6017
1996,919218785,5995
1997,7538345,5983
1998,6100575,5980
1999,7664914,5979
2000,919633018,5978
2001,919675074,5974
2002,7623076,5972
2003,919679837,5959
2004,919643825,5957
2005,919678641,5954
2006,787499,5953
2007,919505229,5953
2008,919619070,5951
2009,8182007,5950
2010,7930966,5941
2011,7392042,5923
2012,919676224,5914
2013,919631721,5912
2014,919676499,5910
2015,919468390,5898
2016,919623853,5894
2017,919680653,5893
2018,919522398,5883
2019,709363,5865
2020,919663943,5859
2021,919678524,5857
2022,919679621,5855
2023,919677423,5837
2024,919013933,5835
2025,918827676,5825
2026,918697738,5821
2027,919337110,5811
2028,919622949,5797
2029,1998535,5795
2030,919681296,5787
2031,919467169,5787
2032,919681646,5779
2033,919479233,5775
2034,919669662,5770
2035,919446380,5766
2036,919498652,5761
2037,919086475,5752
2038,919630683,5750
2039,6681927,5749
2040,919238418,5742
2041,919674514,5736
2042,919576011,5733
2043,1635381,5727
2044,919626778,5724
2045,919678486,5720
2046,919674403,5714
2047,919503515,5709
2048,919526051,5708
2049,919582234,5706
2050,919560810,5687
2051,919452834,5663
2052,8009241,5651
2053,919049243,5650
2054,919581106,5628
2055,919540924,5619
2056,919677083,5617
2057,918944164,5617
2058,1916056,5615
2059,7710033,5607
2060,919615833,5596
2061,7751840,5594
2062,919262632,5581
2063,919411929,5565
2064,919667107,5547
2065,919579659,5537
2066,919681018,5537
2067,919140025,5524
2068,919547052,5515
2069,918674871,5512
2070,919010919,5509
2071,7633305,5508
2072,919662271,5497
2073,919201490,5494
2074,8231434,5489
2075,7091672,5474
2076,919610973,5466
2077,919381786,5456
2078,919525491,5453
2079,919468172,5418
2080,919680883,5415
2081,919680419,5413
2082,440236,5409
2083,919279823,5401
2084,919506598,5398
2085,6669073,5396
2086,919664876,5393
2087,2305899,5393
2088,919676711,5387
2089,6751342,5374
2090,919477105,5365
2091,554916,5352
2092,918897113,5346
2093,919234453,5344
2094,919675945,5344
2095,919583903,5318
2096,919335087,5317
2097,919301819,5310
2098,919519941,5308
2099,919300652,5308
2100,5973559,5304
2101,6394150,5300
2102,919581750,5290
2103,919679233,5282
2104,919677150,5279
2105,919680341,5275
2106,919076275,5260
2107,919680092,5250
2108,919680708,5250
2109,1506532,5244
2110,919643890,5225
2111,7953644,5220
2112,7366227,5219
2113,919533440,5214
2114,6520151,5203
2115,919511342,5197
2116,919679799,5191
2117,919363668,5189
2118,6021607,5187
2119,181879,5182
2120,919674823,5174
2121,919429509,5167
2122,918641814,5163
2123,5750953,5162
2124,7795595,5153
2125,919563784,5144
2126,677733,5143
2127,918697662,5135
2128,919571442,5133
2129,919675359,5121
2130,919652981,5112
2131,919143378,5112
2132,919643166,5110
2133,7473856,5108
2134,919598452,5094
2135,1870462,5091
2136,225290,5090
2137,210031,5087
2138,919678813,5075
2139,919503872,5070
2140,919364556,5068
2141,919677533,5051
2142,919538512,5046
2143,919680453,5040
2144,919678444,5040
2145,919666499,5028
2146,932546,5017
2147,919382364,4999
2148,919678828,4997
2149,919649009,4993
2150,919172954,4978
2151,919678978,4943
2152,919624040,4926
2153,919677901,4918
2154,919598572,4916
2155,919472596,4914
2156,6134424,4908
2157,8152723,4904
2158,919678301,4902
2159,919678122,4896
2160,919678292,4893
2161,7926463,4891
2162,919680135,4887
2163,919526826,4879
2164,919342874,4879
2165,919282787,4855
2166,919670594,4848
2167,919524347,4843
2168,919666928,4836
2169,919663669,4835
2170,918953116,4821
2171,7816327,4804
2172,7028803,4797
2173,918860028,4772
2174,1163364,4751
2175,919541485,4738
2176,919283831,4732
2177,7724041,4700
2178,919604761,4689
2179,5352341,4688
2180,1499711,4679
2181,919667551,4677
2182,7686182,4673
2183,919673311,4669
2184,919677865,4658
2185,919672292,4643
2186,919680014,4640
2187,217335,4635
2188,1518132,4626
2189,7336667,4622
2190,8219045,4606
2191,2115578,4598
2192,919678905,4595
2193,919605025,4590
2194,919637009,4589
2195,919680065,4587
2196,919680576,4584
2197,919410019,4574
2198,8239230,4566
2199,919679141,4535
2200,6724579,4520
2201,919076859,4514
2202,919477508,4514
2203,1237443,4512
2204,8241656,4487
2205,919431992,4485
2206,918645436,4472
2207,2292693,4472
2208,919310996,4471
2209,919681148,4466
2210,919312954,4465
2211,919587443,4459
2212,919653302,4448
2213,919510964,4444
2214,919347958,4444
2215,919545736,4425
2216,7597336,4415
2217,7696257,4414
2218,919676873,4409
2219,919467135,4408
2220,6874321,4402
2221,919674348,4398
2222,919488884,4397
2223,919674856,4390
2224,8189188,4378
2225,919679493,4366
2226,2297077,4357
2227,919676436,4355
2228,919679946,4340
2229,919474242,4339
2230,919460217,4336
2231,1223747,4335
2232,8206675,4334
2233,919647009,4329
2234,919664231,4328
2235,919673087,4313
2236,8201908,4307
2237,919668666,4299
2238,919617118,4298
2239,919606543,4298
2240,919057187,4289
2241,6424698,4289
2242,919664595,4284
2243,7299955,4280
2244,919679590,4276
2245,6556661,4256
2246,919290491,4254
2247,919676346,4252
2248,919585105,4251
2249,919675474,4251
2250,919672037,4223
2251,5442674,4220
2252,919679530,4219
2253,507531,4214
2254,919681289,4211
2255,919660595,4205
2256,919668884,4198
2257,919520930,4196
2258,919679065,4187
2259,919677445,4179
2260,919681116,4166
2261,919672819,4166
2262,919584739,4154
2263,919430533,4150
2264,919680131,4149
2265,8187383,4144
2266,919671408,4126
2267,105514,4112
2268,919503117,4102
2269,919021117,4102
2270,1473041,4088
2271,919681094,4080
2272,1254038,4073
2273,6650115,4070
2274,7345027,4065
2275,919117101,4064
2276,8055630,4050
2277,2137283,4026
2278,919681653,4014
2279,5277278,4010
2280,919680641,4006
2281,918781906,4005
2282,919619682,3996
2283,919519377,3985
2284,919679581,3982
2285,919121560,3982
2286,918687397,3974
2287,7473337,3956
2288,919613519,3951
2289,919495827,3949
2290,6519220,3943
2291,919656805,3913
2292,919556946,3912
2293,919590446,3908
2294,919679810,3908
2295,919507002,3903
2296,919347305,3899
2297,283735,3899
2298,5522689,3899
2299,919673832,3896
2300,919668754,3895
2301,8167983,3894
2302,919679518,3889
2303,919680308,3883
2304,919679650,3882
2305,919433509,3881
2306,6118206,3879
2307,919511972,3867
2308,919673030,3863
2309,919680837,3862
2310,919550283,3851
2311,918800340,3847
2312,919679611,3842
2313,919553320,3832
2314,1402925,3828
2315,919666650,3826
2316,919676959,3820
2317,5362460,3817
2318,919679956,3816
2319,7361365,3812
2320,8026796,3804
2321,919415989,3784
2322,8113308,3770
2323,919679577,3767
2324,7948942,3764
2325,47921,3755
2326,7593376,3750
2327,7544065,3750
2328,919679984,3748
2329,919665661,3747
2330,919407835,3739
2331,919681798,3726
2332,284305,3711
2333,919246576,3706
2334,919673748,3703
2335,919536505,3695
2336,223966,3687
2337,919502318,3685
2338,919672784,3681
2339,919679276,3681
2340,918960333,3678
2341,531505,3674
2342,919506682,3664
2343,69687,3662
2344,919675621,3654
2345,919672361,3645
2346,919678594,3643
2347,919671166,3625
2348,5630838,3622
2349,919569526,3603
2350,919470409,3594
2351,919677790,3585
2352,919654736,3572
2353,919296533,3568
2354,919312339,3567
2355,919678765,3567
2356,919679249,3566
2357,919242910,3550
2358,919678960,3545
2359,5938000,3535
2360,919296151,3535
2361,919487882,3534
2362,919678207,3523
2363,918929396,3522
2364,5315856,3521
2365,919483501,3519
2366,919677962,3514
2367,919677418,3502
2368,919585045,3499
2369,919298698,3495
2370,967069,3495
2371,1753709,3485
2372,6628746,3479
2373,919678317,3469
2374,919346133,3462
2375,707989,3454
2376,919677996,3447
2377,919678957,3442
2378,918915418,3430
2379,919567451,3426
2380,919102785,3410
2381,233122,3405
2382,919132810,3396
2383,919626354,3393
2384,919667929,3376
2385,919680474,3364
2386,919680510,3362
2387,919615432,3358
2388,8279024,3351
2389,6312275,3349
2390,919621292,3338
2391,919336665,3337
2392,919413126,3323
2393,919585101,3318
2394,919671903,3318
2395,919375506,3312
2396,919634818,3312
2397,919656288,3309
2398,919516770,3306
2399,919374260,3304
2400,919430675,3304
2401,919490877,3295
2402,919558092,3282
2403,919244369,3275
2404,919672599,3273
2405,919597071,3264
2406,919672866,3261
2407,7939766,3241
2408,919205039,3214
2409,919539627,3212
2410,919539522,3211
2411,2101818,3211
2412,6710706,3210
2413,919672423,3204
2414,919675971,3199
2415,919679791,3194
2416,7789403,3191
2417,919492150,3190
2418,919134078,3186
2419,586183,3172
2420,919679721,3172
2421,919676071,3162
2422,1943174,3157
2423,919520048,3153
2424,6250121,3148
2425,919673315,3146
2426,8061834,3137
2427,1474432,3133
2428,1251154,3128
2429,919680085,3127
2430,919679133,3118
2431,918833796,3113
2432,919004828,3099
2433,919559054,3090
2434,7713829,3075
2435,919603300,3075
2436,919628287,3073
2437,919278789,3053
2438,919679455,3051
2439,919076903,3039
2440,7822831,3034
2441,919666326,3030
2442,179221,3028
2443,919678282,3025
2444,919670498,3020
2445,919643378,3011
2446,919679491,2994
2447,919349407,2989
2448,919681413,2988
2449,919549044,2980
2450,919647752,2966
2451,919680193,2949
2452,8189335,2948
2453,919492938,2938
2454,58031,2936
2455,919680787,2935
2456,919406076,2934
2457,919668129,2931
2458,919662985,2929
2459,2200087,2926
2460,919446383,2925
2461,919629698,2917
2462,919397859,2910
2463,919679258,2909
2464,919061514,2907
2465,918865005,2901
2466,919680607,2897
2467,919681324,2876
2468,919591644,2873
2469,919679677,2857
2470,919680343,2852
2471,919487568,2845
2472,6614154,2843
2473,5409936,2843
2474,5760382,2836
2475,919678217,2831
2476,1638639,2822
2477,919677837,2822
2478,7255924,2820
2479,919580545,2818
2480,980820,2811
2481,7840724,2806
2482,919679564,2805
2483,919681273,2797
2484,919679271,2789
2485,1143322,2789
2486,1962125,2787
2487,919679815,2780
2488,919595598,2775
2489,919599218,2767
2490,919583739,2765
2491,919669371,2763
2492,919679033,2760
2493,919513974,2749
2494,919571170,2738
2495,918971115,2737
2496,919678843,2736
2497,919672080,2736
2498,919575881,2727
2499,919680295,2726
2500,919650836,2724
2501,919678034,2720
2502,919680788,2715
2503,919494709,2712
2504,939919,2706
2505,1033875,2704
2506,7527598,2703
2507,919663679,2699
2508,919506662,2697
2509,919500758,2696
2510,919677454,2695
2511,919679095,2691
2512,919672666,2684
2513,2467363,2682
2514,919676740,2674
2515,5938566,2669
2516,919400530,2661
2517,919639575,2656
2518,2460343,2650
2519,919679321,2642
2520,919496310,2640
2521,329666,2639
2522,919391326,2639
2523,919678783,2638
2524,5358156,2627
2525,919602646,2615
2526,7125534,2614
2527,7319349,2612
2528,919513274,2612
2529,919678229,2610
2530,919518737,2609
2531,1920830,2601
2532,919662476,2599
2533,918858683,2592
2534,919646223,2591
2535,919607646,2590
2536,919157746,2587
2537,919043012,2583
2538,919676717,2583
2539,919670752,2582
2540,919681466,2579
2541,919320368,2578
2542,919618642,2573
2543,8208606,2566
2544,919246491,2563
2545,919679933,2562
2546,919679557,2551
2547,919504144,2550
2548,919161937,2546
2549,919677870,2535
2550,919424481,2520
2551,919679250,2516
2552,7133123,2515
2553,2267217,2500
2554,7861079,2499
2555,918765234,2497
2556,8112477,2496
2557,919647719,2496
2558,919341100,2488
2559,918643958,2486
2560,7555380,2483
2561,7681173,2480
2562,919673198,2478
2563,919605840,2462
2564,919680109,2462
2565,919679004,2455
2566,919676625,2455
2567,7853994,2448
2568,919673426,2447
2569,2242283,2436
2570,919591125,2433
2571,2013236,2422
2572,919623110,2419
2573,99118,2416
2574,6993667,2416
2575,919681115,2415
2576,919537482,2403
2577,7268560,2401
2578,919564279,2400
2579,919680335,2398
2580,919663411,2398
2581,918925473,2394
2582,919362198,2389
2583,919337355,2384
2584,6398827,2383
2585,919678889,2380
2586,919680656,2378
2587,919157912,2375
2588,919680929,2372
2589,976772,2372
2590,919593463,2372
2591,919234470,2369
2592,919049946,2356
2593,7962906,2355
2594,7026842,2350
2595,919674566,2349
2596,6680107,2348
2597,919360118,2347
2598,741039,2344
2599,919678443,2341
2600,919539512,2340
2601,5797008,2338
2602,918852402,2336
2603,919536073,2336
2604,1257717,2333
2605,624282,2328
2606,919666865,2323
2607,919680407,2322
2608,919558479,2319
2609,919636951,2317
2610,919680555,2317
2611,919672774,2312
2612,919680761,2311
2613,919471506,2306
2614,919675792,2304
2615,919672348,2300
2616,919679852,2296
2617,919677829,2296
2618,919673483,2294
2619,7076272,2293
2620,919474915,2293
2621,876445,2291
2622,919375831,2287
2623,919679546,2285
2624,6769480,2270
2625,7075492,2265
2626,919679798,2263
2627,919679937,2259
2628,919678912,2258
2629,919680043,2257
2630,919560357,2250
2631,8052104,2243
2632,6965133,2242
2633,7859528,2242
2634,919680698,2241
2635,919672807,2239
2636,7115013,2237
2637,919614564,2236
2638,919560389,2234
2639,919436494,2225
2640,5644538,2222
2641,919666879,2220
2642,8065163,2219
2643,919248818,2218
2644,7330922,2217
2645,6686476,2211
2646,919054917,2210
2647,7496217,2205
2648,919644056,2203
2649,919532260,2196
2650,919353886,2193
2651,919681074,2192
2652,919671478,2189
2653,919679186,2189
2654,919680679,2182
2655,6968882,2180
2656,918825356,2179
2657,919665673,2176
2658,919679865,2175
2659,919558854,2172
2660,919679919,2169
2661,701698,2167
2662,919468653,2160
2663,919675435,2159
2664,919559325,2150
2665,919678374,2147
2666,919680186,2142
2667,919679727,2140
2668,919608549,2139
2669,919678902,2129
2670,919655215,2127
2671,919532106,2114
2672,919677696,2112
2673,1641096,2111
2674,919257780,2110
2675,919678747,2108
2676,919681774,2106
2677,8265197,2103
2678,919068664,2096
2679,919678663,2088
2680,919680592,2087
2681,6384392,2083
2682,919643996,2080
2683,919674755,2058
2684,1517191,2055
2685,919359328,2052
2686,5915725,2046
2687,919319259,2037
2688,919677151,2034
2689,919675434,2032
2690,919677247,2027
2691,919674322,2026
2692,919678642,2025
2693,919504253,2016
2694,919648648,2016
2695,919389329,2013
2696,919656153,2012
2697,918861343,2011
2698,919680534,2002
2699,919491436,2001
2700,6567316,1984
2701,918657251,1983
2702,919587076,1982
2703,919407157,1977
2704,919674116,1971
2705,919311036,1965
2706,919551817,1961
2707,919673726,1955
2708,919680661,1954
2709,919681772,1935
2710,2177418,1929
2711,8140909,1926
2712,919645414,1925
2713,8011523,1921
2714,918767338,1918
2715,919157776,1917
2716,919645355,1917
2717,919670067,1909
2718,919478383,1901
2719,919680670,1900
2720,919678648,1896
2721,919613715,1894
2722,6715913,1892
2723,919670748,1888
2724,919681599,1888
2725,6226204,1886
2726,919672880,1883
2727,919051540,1879
2728,919681780,1876
2729,6589858,1869
2730,919668892,1864
2731,919677581,1863
2732,919588691,1848
2733,7338171,1843
2734,919679177,1839
2735,5750089,1830
2736,2158799,1823
2737,919679640,1823
2738,919681803,1818
2739,678429,1817
2740,919679421,1816
2741,919681084,1810
2742,5692316,1808
2743,919586903,1806
2744,1818513,1795
2745,919659910,1793
2746,919370048,1793
2747,919680757,1791
2748,919538271,1788
2749,919424594,1788
2750,919086338,1786
2751,919618034,1785
2752,7854997,1784
2753,1909573,1782
2754,739140,1779
2755,7635572,1778
2756,919680436,1777
2757,919678353,1773
2758,918749575,1773
2759,918963750,1765
2760,918904653,1764
2761,919665988,1759
2762,1368669,1749
2763,918736187,1748
2764,6630993,1747
2765,6086470,1730
2766,5280953,1728
2767,160245,1727
2768,919675371,1726
2769,919510108,1721
2770,603377,1714
2771,7996413,1714
2772,471928,1705
2773,919674781,1700
2774,919681313,1699
2775,5455467,1697
2776,919680961,1696
2777,919682119,1688
2778,919676169,1686
2779,494288,1682
2780,625501,1674
2781,7584394,1673
2782,8072449,1672
2783,919249995,1667
2784,919679725,1666
2785,919461936,1666
2786,6881645,1664
2787,919681066,1664
2788,919462242,1662
2789,919681162,1661
2790,919679869,1661
2791,919680952,1659
2792,919312897,1657
2793,919670581,1646
2794,919679647,1645
2795,919678625,1644
2796,919680352,1640
2797,919662077,1638
2798,919437918,1638
2799,919674010,1636
2800,919680443,1636
2801,919681275,1634
2802,2069727,1628
2803,919680172,1625
2804,919674623,1625
2805,696229,1618
2806,919483594,1616
2807,919677299,1615
2808,919679161,1613
2809,1470574,1613
2810,919680231,1608
2811,5478519,1607
2812,919657583,1602
2813,919663519,1601
2814,919680475,1599
2815,919677849,1598
2816,8119092,1595
2817,919681756,1595
2818,919679822,1594
2819,7246562,1592
2820,919680294,1591
2821,919679645,1586
2822,919679565,1584
2823,919679904,1582
2824,2083436,1579
2825,919607677,1572
2826,918729488,1571
2827,919309191,1568
2828,919489595,1568
2829,1391043,1565
2830,717749,1565
2831,919679630,1563
2832,919583797,1560
2833,919243539,1558
2834,919078641,1556
2835,919677287,1555
2836,919608892,1547
2837,919643711,1545
2838,2142758,1541
2839,919678748,1521
2840,919286022,1519
2841,919680663,1518
2842,801236,1516
2843,919135465,1510
2844,919535090,1510
2845,6508561,1508
2846,8283556,1506
2847,919677775,1505
2848,919366473,1497
2849,919646203,1495
2850,919673069,1494
2851,919679155,1492
2852,919681392,1492
2853,919547850,1490
2854,783818,1488
2855,919493845,1486
2856,919372746,1479
2857,919498476,1473
2858,919591054,1472
2859,919677733,1472
2860,919515482,1466
2861,919680260,1466
2862,7286519,1461
2863,919361817,1456
2864,919010012,1453
2865,7595641,1452
2866,918734784,1451
2867,919539209,1444
2868,1253176,1436
2869,692232,1436
2870,1039276,1432
2871,919473860,1432
2872,7802737,1431
2873,919675369,1431
2874,5338283,1430
2875,919551576,1427
2876,919495093,1426
2877,919680753,1423
2878,919674608,1421
2879,919476456,1414
2880,919677388,1411
2881,918754753,1411
2882,919580274,1404
2883,918931878,1401
2884,1938163,1400
2885,919621414,1400
2886,919677306,1399
2887,919501118,1396
2888,1827355,1392
2889,919681496,1389
2890,919573610,1387
2891,918763319,1384
2892,919390038,1384
2893,919678092,1378
2894,919673843,1377
2895,814724,1376
2896,919679881,1375
2897,919482274,1374
2898,919678358,1368
2899,919681332,1358
2900,918826287,1357
2901,6137967,1353
2902,919275859,1352
2903,919417074,1352
2904,919493663,1351
2905,919680390,1348
2906,919604786,1343
2907,919652286,1339
2908,7826162,1336
2909,919680846,1336
2910,6583858,1334
2911,919581404,1330
2912,446407,1330
2913,919678569,1328
2914,919482342,1326
2915,919612331,1325
2916,919681030,1324
2917,919637441,1323
2918,919678160,1323
2919,6508423,1322
2920,8246109,1318
2921,1433271,1318
2922,426413,1317
2923,5636447,1317
2924,7272707,1314
2925,919587429,1309
2926,919681108,1309
2927,919011960,1306
2928,919680803,1304
2929,419478,1293
2930,919610419,1292
2931,919661318,1290
2932,6897472,1281
2933,919679570,1277
2934,918891459,1273
2935,919569040,1273
2936,99535,1272
2937,1277975,1266
2938,919675532,1265
2939,7696727,1259
2940,1933905,1259
2941,475208,1258
2942,919681552,1251
2943,919519260,1250
2944,919497725,1249
2945,919667371,1248
2946,919678189,1248
2947,918735121,1246
2948,918784831,1243
2949,919297177,1242
2950,1002313,1240
2951,919086743,1239
2952,919525439,1237
2953,7437943,1232
2954,8196033,1230
2955,919534914,1227
2956,1888390,1227
2957,919672150,1226
2958,7290887,1225
2959,919669739,1224
2960,919679859,1223
2961,919646264,1222
2962,919663637,1220
2963,919679507,1210
2964,919679009,1209
2965,919681728,1201
2966,919449048,1200
2967,8244646,1199
2968,919679961,1195
2969,919678848,1194
2970,919640617,1188
2971,919677165,1187
2972,919672057,1184
2973,2457333,1184
2974,919003560,1182
2975,919641705,1182
2976,919681197,1178
2977,919679885,1176
2978,919676202,1176
2979,919680974,1176
2980,6600749,1173
2981,919494307,1173
2982,919541986,1168
2983,919680569,1164
2984,919303001,1161
2985,919661817,1156
2986,919316430,1154
2987,919679872,1147
2988,919448303,1144
2989,919680907,1143
2990,919680623,1143
2991,570027,1141
2992,6434781,1138
2993,6252362,1132
2994,919679656,1130
2995,5654579,1129
2996,919674076,1127
2997,919663041,1127
2998,919531705,1122
2999,919681306,1121
3000,8121405,1116
3001,919455503,1111
3002,6197419,1107
3003,8233593,1088
3004,918998602,1086
3005,919642605,1086
3006,919509047,1085
3007,919652013,1084
3008,919195517,1083
3009,919202652,1083
3010,6577201,1081
3011,919534069,1074
3012,919205488,1073
3013,2302651,1072
3014,919620064,1071
3015,6384174,1069
3016,919306103,1068
3017,919565976,1066
3018,919604228,1065
3019,974230,1061
3020,919681045,1061
3021,919681659,1060
3022,919126210,1059
3023,919468683,1058
3024,1569956,1056
3025,919603142,1054
3026,919203209,1053
3027,919680759,1053
3028,919678942,1051
3029,5936300,1047
3030,919134404,1040
3031,919673867,1036
3032,918733462,1033
3033,919677869,1032
3034,2402436,1031
3035,919571708,1030
3036,7743680,1029
3037,919677417,1028
3038,919641360,1026
3039,919608176,1026
3040,919675527,1025
3041,919627597,1024
3042,7883261,1024
3043,919669806,1024
3044,919269402,1014
3045,7620647,1009
3046,7525596,1009
3047,172338,1008
3048,919257511,1008
3049,919610774,1007
3050,919589312,1004
3051,919648819,1001
3052,2454416,1000
3053,7493678,997
3054,2396773,996
3055,919680120,992
3056,919680572,989
3057,919658524,989
3058,6073491,988
3059,919485541,986
3060,919647298,986
3061,919669443,984
3062,919385006,981
3063,6166962,978
3064,919680163,977
3065,919680215,976
3066,919680471,975
3067,918633648,974
3068,919465768,970
3069,919680567,970
3070,919669089,969
3071,918637271,969
3072,919679746,968
3073,918982609,964
3074,919671046,962
3075,919679641,962
3076,919678816,962
3077,919664491,961
3078,919679703,955
3079,919681400,953
3080,919034272,950
3081,919679453,949
3082,8277287,947
3083,919681421,945
3084,919538538,943
3085,7672576,942
3086,919676806,942
3087,8088214,940
3088,919113554,935
3089,919680983,935
3090,5547958,932
3091,919680153,932
3092,919443928,928
3093,2112120,928
3094,919680216,928
3095,919679784,923
3096,1922760,918
3097,919500714,915
3098,919679780,912
3099,919680239,911
3100,919681669,910
3101,6240677,905
3102,918746577,902
3103,919600216,901
3104,919679632,895
3105,919599486,894
3106,7631403,894
3107,919476268,892
3108,919519206,889
3109,919681441,888
3110,919504619,888
3111,8049653,887
3112,919679997,886
3113,919678723,884
3114,7756131,881
3115,919501887,880
3116,919554004,877
3117,919674331,872
3118,919650568,871
3119,919271338,869
3120,919677483,866
3121,919681196,863
3122,919656687,862
3123,6919619,862
3124,919295773,859
3125,2458509,857
3126,6202008,853
3127,8103929,852
3128,919680344,851
3129,919680217,848
3130,919678598,847
3131,919165510,840
3132,6025096,840
3133,919557942,840
3134,919680380,838
3135,919680888,838
3136,919679824,836
3137,305017,833
3138,919673768,828
3139,7159909,828
3140,919662061,825
3141,919675367,824
3142,919681144,823
3143,919007264,821
3144,919242117,820
3145,5459484,820
3146,919681268,817
3147,919675811,813
3148,2360826,813
3149,5498922,812
3150,919377849,812
3151,8124798,811
3152,919678119,809
3153,919657898,809
3154,6248603,804
3155,919681118,804
3156,919679818,797
3157,919611305,797
3158,919192199,792
3159,919645842,792
3160,919679792,792
3161,1121324,790
3162,7972378,785
3163,919291733,782
3164,918679717,782
3165,919675172,781
3166,919448082,781
3167,919599818,780
3168,919681403,780
3169,919680601,778
3170,919069861,775
3171,919498829,774
3172,7842664,773
3173,919636898,773
3174,919555032,772
3175,919681768,770
3176,918728988,770
3177,919333664,769
3178,919681328,768
3179,919680875,768
3180,919679322,762
3181,919615934,760
3182,2389305,759
3183,919681384,754
3184,919564969,753
3185,919680881,753
3186,919678849,749
3187,919307009,746
3188,919679914,745
3189,919681132,744
3190,918831937,742
3191,6903862,741
3192,919680493,740
3193,919177596,738
3194,919563475,737
3195,5953754,736
3196,919678106,733
3197,919678465,733
3198,919589555,732
3199,919657393,731
3200,2266720,728
3201,919681531,725
3202,919680490,724
3203,919020691,722
3204,919680037,722
3205,919649600,721
3206,9924,717
3207,919671186,717
3208,919681825,715
3209,919024563,714
3210,919681586,713
3211,919644441,711
3212,8091124,709
3213,919292596,707
3214,919554843,706
3215,919677081,705
3216,919459398,705
3217,5522703,705
3218,8082488,704
3219,1320245,703
3220,919681179,700
3221,919678350,693
3222,919520526,693
3223,919659632,690
3224,919680098,686
3225,919608502,685
3226,919680486,684
3227,804519,682
3228,5520040,682
3229,919681536,681
3230,919638418,680
3231,2217516,680
3232,919667249,677
3233,919679363,677
3234,919310880,676
3235,953333,672
3236,918975725,672
3237,7437028,670
3238,919519909,667
3239,919679387,667
3240,919681725,665
3241,8124581,665
3242,919649505,663
3243,919464330,662
3244,7711977,660
3245,919680167,659
3246,919680218,655
3247,6496656,654
3248,919585452,650
3249,919610048,650
3250,919634734,649
3251,919476404,649
3252,919681578,647
3253,5439021,643
3254,919679143,643
3255,919591776,641
3256,1886612,641
3257,425772,638
3258,918968909,635
3259,918880419,635
3260,919678224,635
3261,1083784,634
3262,919680923,633
3263,919678434,627
3264,919681984,627
3265,919680591,624
3266,919527963,624
3267,919337576,624
3268,919599238,622
3269,919681760,621
3270,906718,621
3271,919644381,619
3272,7540338,619
3273,919680175,617
3274,919560887,615
3275,5517619,614
3276,919411933,614
3277,6439726,613
3278,918767164,611
3279,919681164,610
3280,2458633,607
3281,919646275,607
3282,919679654,602
3283,919614145,601
3284,919679203,601
3285,919556373,600
3286,919123116,599
3287,8195416,598
3288,919678610,598
3289,919648142,597
3290,8138333,597
3291,919678582,597
3292,2073680,594
3293,1291501,589
3294,919681246,587
3295,919631240,585
3296,919645051,585
3297,919677365,584
3298,919673231,584
3299,919679386,582
3300,918820963,581
3301,919677016,579
3302,919681655,578
3303,919681804,578
3304,919681507,577
3305,918657975,577
3306,919680071,576
3307,5999184,572
3308,919654636,572
3309,218889,572
3310,6104574,572
3311,919469520,572
3312,7568217,571
3313,919668798,570
3314,919528830,568
3315,919681624,568
3316,919628159,566
3317,7027072,564
3318,7530933,564
3319,2460044,561
3320,919524844,559
3321,7744970,559
3322,919676105,559
3323,1412717,558
3324,919679625,558
3325,8028413,554
3326,919527506,553
3327,919679942,551
3328,919679303,551
3329,919527224,548
3330,919618196,546
3331,919523016,544
3332,919560381,544
3333,919226464,542
3334,919584182,540
3335,919665407,540
3336,919680360,539
3337,919673733,539
3338,919659747,539
3339,919597636,538
3340,919651000,538
3341,7462113,537
3342,919487438,537
3343,114718,536
3344,7224967,535
3345,919341632,534
3346,919517035,533
3347,919629670,532
3348,919680863,532
3349,1962226,531
3350,918774939,527
3351,1637902,526
3352,5936626,525
3353,413696,523
3354,919681876,523
3355,919494270,522
3356,919680263,522
3357,919650897,521
3358,919676459,521
3359,919676636,521
3360,919681097,520
3361,8289186,520
3362,919006841,519
3363,7387197,519
3364,919583948,519
3365,918680211,516
3366,919482448,516
3367,919680743,515
3368,919494764,515
3369,5476883,514
3370,7784714,513
3371,45760,511
3372,919681330,511
3373,8218310,511
3374,919535536,510
3375,919412806,508
3376,919663808,506
3377,919595382,505
3378,8057379,505
3379,444924,505
3380,919665041,504
3381,919052932,504
3382,2118366,500
3383,919681208,500
3384,919317553,500
3385,5928148,497
3386,919674427,492
3387,6343212,492
3388,919561995,491
3389,8195781,490
3390,919675129,489
3391,919681124,489
3392,919535026,486
3393,919371642,485
3394,919590570,485
3395,7116649,483
3396,5721190,482
3397,2124887,482
3398,919642275,482
3399,919677304,481
3400,918746267,480
3401,919678550,480
3402,919680884,480
3403,7140372,480
3404,919681304,476
3405,919498546,476
3406,919525338,476
3407,6620397,475
3408,356001,475
3409,919468220,471
3410,919508465,470
3411,919679693,468
3412,919517365,465
3413,477722,465
3414,6352466,464
3415,7795075,464
3416,919681575,462
3417,919506980,461
3418,7666946,461
3419,919668772,460
3420,919667399,458
3421,919677162,455
3422,919679107,455
3423,919424528,454
3424,5518598,454
3425,919680600,453
3426,6675048,453
3427,918752947,452
3428,919605871,449
3429,919419030,447
3430,2195832,444
3431,8194773,444
3432,919678878,442
3433,919680798,442
3434,919681189,438
3435,8013839,437
3436,919680304,437
3437,919680229,436
3438,919681557,435
3439,919681370,432
3440,7957583,430
3441,919594078,430
3442,919681207,429
3443,919681188,428
3444,2326665,422
3445,919451804,422
3446,360528,422
3447,919681813,420
3448,7929307,419
3449,919573546,413
3450,919573760,412
3451,8149151,412
3452,919647810,411
3453,919680893,410
3454,1321732,409
3455,919681217,407
3456,919114766,407
3457,919681145,404
3458,919681138,404
3459,919527101,404
3460,919296273,403
3461,919675284,403
3462,919536532,403
3463,8285988,401
3464,919681439,401
3465,5527294,401
3466,919678388,400
3467,919565179,400
3468,919681237,398
3469,919479023,398
3470,2397911,398
3471,7824374,397
3472,8073194,397
3473,919678977,396
3474,919457328,396
3475,8125103,395
3476,919551629,393
3477,919679724,393
3478,919681389,393
3479,919550516,392
3480,5520244,392
3481,5569980,392
3482,919681627,392
3483,919537329,391
3484,919547903,391
3485,919294745,390
3486,7604381,388
3487,1513889,385
3488,918808282,384
3489,919513602,384
3490,919678325,380
3491,2347868,380
3492,2329446,377
3493,1988640,376
3494,919655539,375
3495,2472601,375
3496,919176863,372
3497,8050195,371
3498,919610630,371
3499,919681008,371
3500,919681482,369
3501,919507993,368
3502,919552542,366
3503,225648,366
3504,8187857,364
3505,919236738,363
3506,7875697,363
3507,919654350,362
3508,481127,361
3509,919673261,360
3510,919681822,360
3511,919626378,359
3512,919622363,359
3513,6627353,358
3514,919525251,356
3515,919679922,356
3516,919680609,355
3517,919679690,352
3518,919552378,352
3519,6474336,350
3520,918979484,350
3521,919675670,349
3522,919679855,347
3523,1422812,347
3524,6479767,347
3525,6699985,346
3526,919681302,346
3527,919677987,345
3528,919681378,345
3529,919676990,344
3530,919075380,342
3531,919680822,340
3532,919102044,340
3533,919680387,340
3534,1588459,339
3535,6897325,336
3536,919008664,336
3537,919261455,336
3538,7358666,333
3539,919296234,333
3540,919678874,332
3541,919560262,331
3542,919679061,330
3543,6174272,329
3544,919673095,328
3545,919680953,327
3546,919680969,327
3547,919679875,326
3548,919681091,325
3549,919679963,325
3550,919439715,324
3551,918970760,324
3552,919649097,322
3553,7766645,322
3554,919680876,319
3555,919622839,317
3556,919679783,316
3557,919681081,313
3558,919198992,309
3559,919663840,309
3560,919242122,308
3561,919610377,307
3562,159900,307
3563,919681101,307
3564,6467778,306
3565,649335,305
3566,919562122,304
3567,919680469,304
3568,919539471,303
3569,6669953,303
3570,5846630,300
3571,919681277,300
3572,919219869,300
3573,919158086,299
3574,919678633,299
3575,919670746,298
3576,919670870,298
3577,6886027,297
3578,377487,296
3579,919550286,296
3580,7308259,292
3581,919622159,291
3582,919679128,291
3583,919667408,288
3584,919122583,287
3585,919257070,286
3586,919681620,284
3587,919663603,284
3588,919497702,282
3589,919458455,282
3590,919199018,281
3591,5525581,281
3592,919587706,281
3593,919679483,281
3594,919680824,280
3595,919502413,280
3596,6415860,280
3597,919424670,278
3598,7044996,275
3599,919461012,273
3600,918834277,273
3601,919681802,273
3602,919680125,271
3603,7331220,271
3604,919679663,271
3605,919681180,271
3606,919618047,270
3607,919105737,269
3608,919567339,267
3609,919676168,266
3610,7153339,265
3611,919679525,265
3612,919624485,264
3613,6942064,264
3614,918672525,264
3615,919651405,263
3616,919681619,263
3617,919647185,263
3618,919677677,261
3619,919681406,260
3620,7565019,260
3621,919680755,260
3622,919680042,260
3623,919524143,258
3624,919681130,257
3625,919679631,256
3626,7468538,254
3627,278273,254
3628,7430744,254
3629,919527846,253
3630,918763083,252
3631,919670080,252
3632,919679234,250
3633,919682044,250
3634,919681762,248
3635,919680096,247
3636,919680030,247
3637,8011209,247
3638,919680384,246
3639,6004724,245
3640,919636172,245
3641,919607945,245
3642,5310243,245
3643,6109561,244
3644,919629734,244
3645,919680877,244
3646,2366496,243
3647,919593520,242
3648,919516849,240
3649,919680026,240
3650,919680769,238
3651,6947475,238
3652,918898737,235
3653,919679356,235
3654,919680347,234
3655,7958849,234
3656,919582499,234
3657,919521813,234
3658,7441153,233
3659,919681844,232
3660,919680853,230
3661,919681199,230
3662,919680957,230
3663,919474986,228
3664,919553478,227
3665,919606939,227
3666,919681533,226
3667,919681587,226
3668,919574214,225
3669,8084912,225
3670,919006844,225
3671,919679652,223
3672,919681135,223
3673,919678423,223
3674,919662094,221
3675,919458026,220
3676,2241552,220
3677,919624255,219
3678,7822946,218
3679,919358794,218
3680,919674744,218
3681,918829275,217
3682,919471299,217
3683,2437952,217
3684,919671066,217
3685,2311891,216
3686,919579092,214
3687,919422382,212
3688,919680487,211
3689,919681982,211
3690,919490011,210
3691,919680481,210
3692,919681136,210
3693,919680637,210
3694,919681643,210
3695,919681146,210
3696,919504209,210
3697,919491943,209
3698,918943292,208
3699,919579955,208
3700,919604121,207
3701,919224403,207
3702,919681743,207
3703,919681325,206
3704,919681611,205
3705,919679849,204
3706,919607720,204
3707,919122040,203
3708,919472547,202
3709,919503555,202
3710,7145860,200
3711,919680972,200
3712,919681651,200
3713,918938240,200
3714,919681617,198
3715,919681625,197
3716,7970676,196
3717,919681480,196
3718,919467653,195
3719,919524159,195
3720,1237221,195
3721,919677479,194
3722,7555533,193
3723,919677701,193
3724,919607584,192
3725,847794,192
3726,919669929,191
3727,919678255,191
3728,919675673,190
3729,919608437,190
3730,919667762,190
3731,919681278,189
3732,919051343,189
3733,919680328,189
3734,919679357,189
3735,3855991,186
3736,919425352,186
3737,919645292,186
3738,919681597,185
3739,919585848,184
3740,919680948,183
3741,919681265,183
3742,919272867,183
3743,919681369,182
3744,919681459,182
3745,919659985,182
3746,919505238,181
3747,919680001,179
3748,919675896,179
3749,919681988,178
3750,7995499,178
3751,1238792,178
3752,7836663,177
3753,6493022,177
3754,8173580,176
3755,919677896,176
3756,918711046,176
3757,984642,175
3758,919682356,175
3759,919643732,175
3760,919680575,174
3761,919679225,174
3762,919557965,174
3763,919200746,173
3764,919681860,173
3765,7832971,172
3766,919657063,171
3767,919681184,171
3768,918727002,171
3769,919643178,171
3770,919648969,170
3771,919680527,170
3772,2460127,170
3773,1087192,170
3774,8173123,170
3775,919680479,169
3776,919681550,169
3777,919681902,168
3778,919681484,167
3779,919612998,166
3780,919681525,166
3781,919682246,164
3782,919343204,163
3783,919614650,162
3784,919669070,162
3785,919061465,161
3786,919646091,161
3787,6226962,161
3788,919681663,159
3789,919680666,158
3790,919607977,158
3791,8012775,156
3792,919680488,155
3793,5939176,155
3794,715409,154
3795,919679519,154
3796,919678616,154
3797,919678885,154
3798,919172792,154
3799,919680784,153
3800,919681893,152
3801,6664431,152
3802,919668932,151
3803,919596486,149
3804,7269203,148
3805,919413879,148
3806,919549618,147
3807,1354138,147
3808,919668138,146
3809,919678986,146
3810,5580746,144
3811,919681349,144
3812,918630292,144
3813,919663176,144
3814,919681639,144
3815,919680617,144
3816,919351962,143
3817,7497923,143
3818,919211480,143
3819,919681458,142
3820,919680017,142
3821,7444067,141
3822,1632776,140
3823,919678109,139
3824,919652916,138
3825,919282854,138
3826,919538771,138
3827,919679165,138
3828,919681875,137
3829,919383841,136
3830,919418574,136
3831,919681131,136
3832,1706204,135
3833,8290653,134
3834,6910934,133
3835,919612769,133
3836,919485981,132
3837,919681015,132
3838,919660685,131
3839,919664481,131
3840,919681604,130
3841,1492500,130
3842,919530606,130
3843,919678974,129
3844,919606217,129
3845,8169692,128
3846,8115148,128
3847,919681117,127
3848,919680966,127
3849,919681407,125
3850,919680509,125
3851,919681069,125
3852,919547380,124
3853,919681322,122
3854,919681297,122
3855,6980098,122
3856,919679062,122
3857,919681365,121
3858,919681678,121
3859,1685083,120
3860,919681716,120
3861,919548876,120
3862,919312698,120
3863,919680072,119
3864,8148586,119
3865,919679595,119
3866,919680958,118
3867,919591291,117
3868,919681529,117
3869,919678623,117
3870,919681404,117
3871,919413316,117
3872,919680651,116
3873,919442772,116
3874,919519408,116
3875,919613277,116
3876,7222790,115
3877,919680348,115
3878,7916730,114
3879,919285996,113
3880,7874072,113
3881,919018462,113
3882,919681428,112
3883,919681181,112
3884,443543,112
3885,7241086,112
3886,919533777,110
3887,919645612,110
3888,919440699,110
3889,919271697,110
3890,919681442,110
3891,919680817,108
3892,919681287,108
3893,919454965,108
3894,8033118,108
3895,919679355,106
3896,5663821,105
3897,918818273,105
3898,919681318,104
3899,919337444,103
3900,7500628,102
3901,919436407,102
3902,918994452,101
3903,918728757,100
3904,5674565,100
3905,919680813,100
3906,919680562,100
3907,919662917,100
3908,919680781,100
3909,919438739,100
3910,1655928,100
3911,919497438,99
3912,919649931,99
3913,7896415,99
3914,919680608,98
3915,8245039,98
3916,2141648,98
3917,919592484,97
3918,7582367,96
3919,919075412,96
3920,919680928,96
3921,1574557,94
3922,919681448,94
3923,919680595,94
3924,919681435,93
3925,919664228,93
3926,919680900,93
3927,919351392,92
3928,7394120,92
3929,919680925,92
3930,919681821,91
3931,919447544,91
3932,919681430,91
3933,919612051,91
3934,1848688,91
3935,8236078,90
3936,919680160,90
3937,7105853,88
3938,6946038,88
3939,918902501,87
3940,919575115,87
3941,919681635,87
3942,7000261,87
3943,919541061,86
3944,919493487,85
3945,919680906,84
3946,919673943,82
3947,919644773,82
3948,7888995,80
3949,919681517,80
3950,7822363,80
3951,919681337,80
3952,919663580,78
3953,919680867,78
3954,919217863,78
3955,919494704,77
3956,919650641,76
3957,919679443,76
3958,919485858,76
3959,919679354,76
3960,919518344,76
3961,919681645,75
3962,919547529,74
3963,919681294,72
3964,919679410,72
3965,919680455,72
3966,919681702,72
3967,919681947,71
3968,919679396,70
3969,919429469,70
3970,919680999,70
3971,919680938,70
3972,919589344,69
3973,919415549,69
3974,919590357,69
3975,919681522,68
3976,919681280,68
3977,1124701,67
3978,919585335,67
3979,6006324,66
3980,919591353,66
3981,919681490,66
3982,919679032,65
3983,919679340,65
3984,919679814,65
3985,919548803,65
3986,360847,65
3987,7010092,65
3988,919681598,65
3989,919681388,63
3990,919274711,63
3991,919490437,63
3992,919538249,63
3993,919101655,62
3994,919681528,62
3995,8146712,62
3996,7696298,62
3997,919681855,62
3998,919680241,61
3999,919681937,61
4000,919681061,60
4001,919667835,60
4002,919681368,60
4003,8282944,60
4004,7008466,60
4005,919656934,59
4006,919623237,58
4007,919676823,58
4008,919648605,58
4009,7960417,58
4010,919516806,58
4011,7439819,57
4012,919678904,57
4013,919681541,57
4014,919675953,56
4015,919188027,56
4016,919680395,56
4017,7935338,56
4018,6802209,56
4019,919317762,54
4020,919604936,53
4021,919590696,53
4022,919681437,52
4023,919680677,52
4024,919681508,52
4025,919117736,52
4026,7736488,52
4027,919531066,52
4028,919347034,52
4029,919681177,52
4030,919576231,52
4031,919197755,52
4032,919681235,51
4033,919174146,51
4034,919679995,50
4035,236801,50
4036,919618607,50
4037,919681986,50
4038,919681274,48
4039,919655945,48
4040,919679704,48
4041,919681674,48
4042,612884,48
4043,919680399,48
4044,6154947,48
4045,919681357,47
4046,7292557,46
4047,919681534,46
4048,919263872,46
4049,919680705,46
4050,919681450,45
4051,919681584,44
4052,919681869,44
4053,918713402,44
4054,7270627,42
4055,919681025,42
4056,919681359,42
4057,919681516,42
4058,919680112,42
4059,67540,41
4060,919681263,41
4061,919681558,41
4062,2359354,41
4063,919092298,41
4064,919681203,40
4065,919678793,40
4066,919680917,40
4067,919374603,40
4068,919036155,40
4069,919679748,40
4070,919679275,40
4071,919672606,40
4072,919659540,39
4073,306976,39
4074,817915,38
4075,919681106,38
4076,919395830,38
4077,919252859,37
4078,919666436,37
4079,919535127,37
4080,919681315,37
4081,919680371,37
4082,919678528,37
4083,919681567,36
4084,919681333,36
4085,919680823,36
4086,919441063,36
4087,919425815,36
4088,919679597,34
4089,919680868,34
4090,1104219,34
4091,1253533,34
4092,919583714,32
4093,919637496,32
4094,919682031,32
4095,919679980,32
4096,919680375,31
4097,919566837,31
4098,6900543,31
4099,6741393,30
4100,919681361,30
4101,919657096,30
4102,919552130,30
4103,919681753,28
4104,2287116,28
4105,8206078,28
4106,6683808,28
4107,919556602,28
4108,919680914,28
4109,919577243,28
4110,919681995,27
4111,919679738,26
4112,919681547,26
4113,919681554,26
4114,8138698,26
4115,919681440,26
4116,919681658,26
4117,919589733,26
4118,919492891,26
4119,366988,26
4120,2436856,25
4121,919474029,25
4122,919559231,25
4123,7093079,24
4124,919551646,24
4125,919011871,24
4126,919447948,24
4127,919306592,24
4128,919661877,23
4129,919681014,23
4130,919189655,23
4131,919681506,23
4132,919681662,22
4133,919492588,22
4134,919679767,22
4135,919681941,22
4136,919646689,22
4137,919475887,22
4138,919680089,22
4139,919641271,21
4140,720432,20
4141,919679482,20
4142,919681417,20
4143,919655882,20
4144,919681610,20
4145,919641777,20
4146,919680932,20
4147,919393121,20
4148,919551645,20
4149,919681295,20
4150,919585121,20
4151,919681616,20
4152,2470451,20
4153,919468349,19
4154,919549636,19
4155,919480410,19
4156,919103704,18
4157,7968088,18
4158,919571449,18
4159,919681083,18
4160,919681272,18
4161,919680196,18
4162,919681231,18
4163,919606524,17
4164,919680797,17
4165,919680230,17
4166,919681895,17
4167,2207794,16
4168,919459478,16
4169,919681095,16
4170,639435,16
4171,919588349,16
4172,7666088,16
4173,919678240,15
4174,919681640,14
4175,919676411,14
4176,919608062,14
4177,919681427,14
4178,855622,14
4179,919555515,14
4180,919681758,13
4181,919611048,13
4182,919560606,13
4183,6297621,13
4184,2435271,13
4185,919262445,13
4186,919679248,13
4187,919681963,12
4188,919680546,12
4189,919569779,12
4190,919681623,12
4191,919680825,12
4192,919681606,12
4193,919646276,12
4194,919197751,12
4195,919679886,10
4196,8166634,10
4197,919663685,10
4198,919680416,10
4199,919665392,10
4200,919681027,10
4201,1771427,10
4202,919679123,10
4203,919680918,10
4204,919681560,10
4205,919589505,10
4206,919631994,10
4207,919680836,10
4208,7939252,10
4209,1787763,10
4210,919680401,10
4211,7026620,10
4212,919680950,10
4213,6938548,10
4214,919601440,10
4215,919525012,10
4216,919152884,10
4217,919072285,10
4218,919680869,10
4219,919657988,9
4220,919681284,9
4221,919046241,9
4222,919681381,8
4223,919682038,8
4224,7712902,8
4225,919534072,8
4226,919681666,8
4227,919646095,8
4228,919680526,8
4229,919670974,8
4230,5368021,8
4231,919668118,8
4232,919681186,8
4233,919352752,7
4234,918944607,7
4235,8221294,7
4236,919603982,7
4237,919120440,6
4238,919645641,6
4239,6383934,6
4240,919681916,6
4241,685825,6
4242,919680083,6
4243,919681387,6
4244,919316498,6
4245,919461893,6
4246,919549339,6
4247,919462326,6
4248,919681755,6
4249,919682024,6
4250,919680470,6
4251,919529754,4
4252,919681004,4
4253,919681478,4
4254,919562896,4
4255,919643274,4
4256,919681498,4
4257,7588714,4
4258,919682155,4
4259,6849012,4
4260,919681807,4
4261,918632750,4
4262,919680874,4
4263,6967891,4
4264,919677320,4
4265,919104550,4
4266,919274162,4
4267,919681513,4
4268,5491075,4
4269,7392762,4
4270,919681668,3
4271,919546675,3
4272,7288019,3
4273,919681372,3
4274,919408325,3
4275,7968497,3
4276,919449649,3
4277,919533944,2
4278,919681985,2
4279,919661584,2
4280,919681632,2
4281,919469653,2
4282,919680680,2
4283,5433085,2
4284,919617958,2
4285,919606948,2
4286,919673617,2
4287,919681641,2
4288,7826053,1
4289,919656139,1
4290,919508387,1
4291,919657738,1
4292,89872,1
4293,6611649,1
4294,919662928,1
4295,919501192,1
4296,919503995,1
4297,653892,1
4298,919681290,1
4299,919681733,1
4300,919681431,1
4301,919597776,1
4302,7153066,1
