1508,xnando,30,1,1232,1323
2531,ricardo31,810,1,9576,811
2851,DonQuixote,1137,1,493,1499
42749,avigdor,1148,1,1213,1328
47921,Odarnoc,21,96,786452,116
69441,Khadgar,287,138,1406902,33
71727,wrzocca,151,2,4089,1009
78115,NBL Allan,815,9,30882,547
79383,-HadeeS,1292,0,0,2030
87146,knips1000,1262,1,2207,1186
87870,lucastnk,187,1,266,1614
99118,César Willer S. Costa,0,1,240,1634
105514,hellhammer,851,8,18329,663
113569,pedromatos,0,0,0,2031
117337,Franciscom,0,1,836,1393
162884,nardo.vp,1129,6,32031,536
172338,VMOM,0,1,108,1792
173441,Slep,0,1,49,1849
181252,PEGORELLY,1257,3,18911,656
182548,carlos pinto,0,0,0,2032
214147,Hsaga,949,13,112463,327
222355,LariKblu,0,1,9400,815
225290,GEKO,0,0,0,2033
239645,marcelomar21,1321,17,98404,347
241929,Marechal-De-Campo,0,1,956,1379
281365,gabriel546,142,190,1918080,12
284305,paulo batman fernandes,1329,1,121,1777
285984,WILLIANDIEGO,0,0,0,2034
321940,Renegadux,354,14,57011,429
322413,RubysacX,810,17,39622,482
329666,Kadette,45,21,106842,337
330836,Pai de Todos Nos,152,0,0,2035
339159,dedeco99,302,82,630539,148
359095,Marcospai,852,7,16904,677
365034,lucasrj12,917,1,46,1861
372053,fabiop2,142,57,452031,188
373141,anjospy,65,213,2077913,7
375644,DanadenhO,180,8,24489,597
389031,- Barba Negra,286,81,765067,120
391015,digorox,815,1,10019,797
401480,Almirante Champigny,152,3,7415,873
413696,tlulicopip,0,1,794,1407
429206,Tapia,0,1,26,1879
431849,joneLukas,142,73,489286,182
436751,pratick,97,23,186299,280
440236,carianos,286,108,1009934,76
443543,GugaLukas,1291,13,57431,426
446407,olavionogueira,50,1,280,1604
455314,alexguerreiro,0,1,521,1484
458298,GALICIER,0,1,26,1880
471928,Rusti,670,1,120,1778
475539,TELOX,387,0,0,2036
477722,maiteco,46,80,687617,133
481127,christianbus,127,9,56997,430
487690,kingnives,1148,3,4264,992
494288,olivaster,46,140,1360582,38
521059,JAS46,1292,16,140899,302
531505,- Alemão Safado,286,137,1361631,37
533324,victordoido,21,121,1128404,60
554916,nataps,46,103,830840,107
576227,Edson de melo lima,1166,1,2659,1130
576350,Bromer 3,0,1,687,1438
603377,tp-hmartins,1252,9,35736,509
606771,Gurgunga,0,1,515,1488
618052,Luis Chiara,606,1,1582,1264
625501,black jav,0,0,0,2037
639435,Luiz de Cassia,0,0,0,2038
681429,portoamado,0,1,213,1668
687472,salles0103,97,45,318062,224
707989,gabrielvivanco,180,1,2860,1112
730804,gilberto afonso,1308,1,26,1881
731467,Arrais Peres,810,5,23252,572
734145,W.M.A,0,0,0,2039
739140,Rhus,0,1,888,1387
745517,provetti5,1084,16,73375,384
753194,PEPIXOW,0,1,223,1653
754579,iJokeer,0,1,26,1882
801208,Bia-Yang,0,0,0,2040
808910,yrski bra,0,7,23400,605
810720,Mataor,0,1,239,1635
814724,L.F.L.L,358,12,94473,354
819638,Jero 2,0,1,2373,1158
843623,kyrion,8,1,2985,1098
846256,TIO PERY,142,54,412015,196
847056,papoliao,0,1,26,1883
860712,Imperador Jadler,1207,1,289,1596
872102,ancaster,1210,7,10280,786
875767,M.F.P.,637,7,13283,724
897558,vmcampos,358,73,475756,185
937429,wmrwell,726,6,12205,748
967069,Plotzki,0,1,466,1510
974230,okrim,734,1,298,1592
1021572,Leco65,0,2,5118,951
1049662,Icof,330,1,114,1790
1074471,evertonburatti,1060,2,7796,861
1084222,fofox,127,19,63000,408
1136057,Souza100,0,2,2327,1165
1143322,*Pesadelo*,450,6,9561,813
1159590,hua4,0,1,26,1884
1163364,Marcos SL,450,5,7619,867
1176186,guguinhaf,0,1,26,1885
1194782,Alvocense,1134,1,1560,1262
1218856,Paladinao Frec,97,24,56654,431
1228558,Xantriaz,0,1,190,1698
1231948,caroca,21,90,708404,129
1248354,Mr. Fahl,0,0,0,2041
1253176,j.emerson,475,6,13867,714
1254038,money,821,11,24051,600
1257717,formiga5,1148,2,5109,952
1277975,mauricio v,734,1,1496,1279
1293347,enio estrela,0,2,6827,889
1294943,Danub,358,130,952766,85
1297876,luizramos,1104,1,274,1608
1315389,Semitom,0,1,145,1756
1327631,valclei,0,1,404,1535
1349815,cãodomato,0,1,1673,1246
1352700,julionardes,0,0,0,2042
1355462,vreis2607,1084,10,47457,453
1364541,pedroh12,1231,0,0,2043
1369934,pitangaclan,286,101,743281,124
1372733,ale gaspar,637,7,14526,707
1380557,Alfredlog,97,40,221074,261
1383047,monolasco,0,1,26,1886
1406890,chapeudecouro,0,4,8693,838
1412717,Zakajúnior,0,1,124,1772
1413055,Birináite,287,164,1440168,29
1470574,kiem885,354,1,859,1389
1474120,revoltaFJV,0,5,13941,713
1477021,Filmais,406,1,2548,1139
1478219,Bozo Palhassador,51,6,21278,629
1481313,HudsonRegis,1148,1,840,1392
1496848,jackdaniels99,0,0,0,2044
1499711,commander,221,5,16353,684
1499862,mudavaca,0,9,28747,565
1501202,MJ Stoned,0,1,2992,1097
1502568,Gargula XV,48,26,180869,282
1506532,deslok,1129,2,3798,1026
1517191,marcovina,0,1,292,1595
1518132,Só Alegria,617,1,2955,1100
1522055,colombosopolis,45,6,18161,664
1538953,Higor.GL,596,1,38,1868
1540375,ericvic,933,0,0,2045
1540783,jogar,291,39,231431,258
1585618,leonyuri,0,38,195527,269
1592793,traira,1134,1,1016,1370
1596179,magro998,815,0,0,2046
1618709,- Rodrigues,302,119,1114591,64
1629486,loryline,30,1,3027,1093
1629992,marioasb,450,26,96820,350
1635381,69 king,811,4,6360,905
1637902,Velho Cinzento,0,1,4257,993
1643892,patrickcj,1104,3,4391,988
1657009,Predador Jason,142,82,650078,142
1679948,shallyke,97,29,242887,254
1695817,1italiano,949,9,45827,459
1721561,fuelego,0,2,16497,681
1724056,Angel Vihh,358,52,408943,197
1730767,renatthenriq,442,1,1976,1210
1784670,Sold Hollow,1136,1,5259,948
1790726,claudinho marques,0,1,2607,1132
1791934,leo.nidas,1134,3,8499,844
1805292,weslleyyy,810,0,0,2047
1818513,mjbel,0,1,559,1472
1821171,RaioTWO,46,161,1513501,24
1831294,nego bauer,0,1,3184,1077
1848688,T R U C I D A,0,7,19014,657
1854222,- RB - A Lenda,0,1,26,1887
1886612,ExtremeCW,97,25,200826,271
1897128,lordhalle,0,1,2860,1113
1911214,friedrichsk8,0,1,334,1571
1916056,k s2 m,51,4,9011,828
1920830,123dasilva456851,821,19,65832,400
1922760,CTRLALTDEL,475,8,33581,529
1927746,kavaleiro du mau,1261,2,11000,773
1962125,ricardmp,34,2,1465,1288
1998535,Karpak,0,1,1284,1314
2010204,nevos,1104,1,763,1414
2058770,ffffllll,0,1,26,1888
2074204,Rei Rogério,0,1,1784,1225
2083151,Icz the Cat,0,5,22849,610
2098199,cabaleiros,0,4,3489,1045
2103983,Kr4ToS,368,1,9828,804
2118366,filet10,302,60,366715,209
2135809,Neegan,810,1,10019,798
2136580,DASCOLINAS,187,1,1170,1336
2148338,Alan Monteiro AM,0,1,688,1436
2157141,jonatanoliveira,1148,7,8657,839
2172850,guizzz,475,1,1992,1208
2233962,thander2099,737,1,935,1383
2242283,Rei idiota,0,1,286,1599
2248936,dudurios,0,1,3219,1070
2249171,felipevan2,0,0,0,2048
2255549,sushizinha,852,1,2826,1115
2277079,rdgf,1129,1,1440,1285
2277265,DELARUA,0,1,88,1809
2278152,oliveiradf,0,1,790,1409
2282853,rengar1234,821,23,109796,332
2283886,mestres da guerra,1231,2,2920,1108
2287116,atuale,852,1,472,1508
2292693,johnl@k@,0,1,234,1641
2313965,1959,151,1,345,1564
2323298,vinizera,949,8,20813,634
2329446,maumau1000,0,1,143,1757
2332453,griffeco621,0,1,1782,1226
2334296,paste,1129,12,22724,612
2357814,BRUCEgsi,0,0,0,2049
2366496,Jotate,0,1,247,1630
2379513,PintoPitoco,1073,1,4683,975
2384823,Joel neves,1284,1,178,1708
2384837,luksguga,291,12,98960,344
2396773,bignapa,0,1,410,1533
2402436,leon alpiste,0,1,1700,1242
2406303,Fellpzz MalDiMais,289,41,188576,277
2440585,HUN97,0,1,1191,1332
2444034,iigors,368,0,0,2050
2452761,portugasambolero,0,1,230,1645
2460335,Ixss,0,0,0,2051
2462248,Jhone Quest,427,0,0,2052
2472601,Kung Kan,51,1,412,1532
5271031,manatomazinou,0,1,117,1781
5271236,keylla19,0,0,0,2053
5277278,canutto,0,1,222,1654
5279068,mutante33,0,1,355,1583
5281843,fcabelinho,0,0,0,2054
5291491,Brux0,321,4,14518,708
5293704,Pinocchio,286,93,841717,103
5296579,nankita,289,77,740855,125
5297504,guiwebmaster,1084,6,23322,606
5301241,Modecam,289,19,124525,317
5327645,- DirtyMind -,1084,53,377173,203
5335051,Sr Brayan,0,1,4062,1010
5337570,TIRANOSSAURO REX,0,1,2320,1166
5338283,ACRDias,0,2,2150,1193
5367443,caio752,1060,1,1213,1329
5375280,JakaMG,0,0,0,2055
5378794,jnrLORD,289,41,312480,227
5398818,DomDeSerFeliz,0,1,32,1873
5400524,miragaia,0,1,737,1421
5413918,Brall,48,21,140395,304
5424301,Mavelips,46,107,821181,110
5424497,Jonh Franklin,775,1,632,1453
5449488,Mutley Sâma,0,1,72,1825
5459484,sandslah,0,1,160,1733
5479460,Cristian Bassani,146,5,7512,869
5492317,eller18,0,1,4735,972
5496868,Marcos Recco,442,1,108,1793
5503001,wyondy,142,123,1141849,54
5507106,Big P3.,0,1,26,1889
5508452,Wiles,418,6,16166,686
5515472,okpanda,46,82,635542,146
5532582,yugsan,387,1,26,1890
5547434,mjwilson,0,2,2404,1154
5547958,Cruel1975,1140,5,19361,651
5554668,QUICO BADERNEIRO,286,84,748576,121
5563541,jacoto,127,15,136727,308
5574028,General sid-love2,606,1,370,1553
5579592,romulo1995,146,25,244967,253
5581943,darckoflord,142,70,468686,186
5583124,tauan157155,821,1,1806,1223
5586454,dionigodoi,0,1,515,1489
5606603,frogkiller,0,1,26,1891
5625167,jeff1996,287,105,1008133,77
5630838,carloscp,606,1,234,1642
5636447,CMHZ,0,1,399,1540
5649009,marvfar,815,11,69853,389
5663821,tudojuntoemisturado,0,1,169,1722
5694294,mubrutal,479,2,13515,718
5695735,cavernoso-sanguenozoio,358,31,282169,235
5738024,777nil777,709,2,11488,767
5750953,ray.lima,1054,1,5412,941
5775061,elizandrol,0,1,26,1892
5859477,leakcim,97,23,161041,292
5914599,Edi perola negra,0,1,26,1893
5936300,rodnike,0,5,10317,785
5938000,vodax1,321,0,0,2056
5951235,bledi29,475,6,30961,548
5955884,Eric C4rtman,810,12,48876,446
5960538,gilsouza10,21,92,729720,126
5973559,pavaoph,1000,2,1214,1326
5985058,Kevyn 398,286,71,641238,144
5985413,lwsbonja,1071,0,0,2057
5986563,Tarado.,0,1,217,1660
5990002,Dino o Sauro,289,62,514297,175
5990777,ransvaldo,0,10,28562,567
5999184,MBELLO,34,1,322,1580
6006324,King Dark Angel,50,1,174,1713
6013902,sem noçaão,1134,9,44523,460
6021206,caique860,0,1,48,1852
6025096,luismontreal,1129,1,6498,898
6029975,erutannf,0,2,6017,913
6053349,klasipe,286,93,887329,95
6075513,Carta na Manga,46,203,2160045,6
6083709,SanDro Sotilli,65,140,1033119,73
6086470,-ThC-,617,1,3438,1053
6098419,audrei,0,1,32,1874
6099825,jefersonjose,1134,9,21272,630
6109561,Stifler50,0,1,26,1894
6117927,sheshe13,852,1,2559,1135
6123353,liplinharesjf,0,1,26,1895
6123735,Takashiba,0,1,1855,1218
6129205,dfs7,758,6,33643,531
6154947,clubevasco,0,1,326,1579
6177374,lcstaut,475,3,7206,877
6189796,ivan mario,302,63,377599,202
6215720,saulo313,758,1,26,1896
6218032,162534,187,1,522,1493
6221979,gerhardtt,51,3,11505,761
6222181,Moiikano,65,292,2887411,2
6225864,charqboy,133,1,6220,907
6237737,saulima,0,1,166,1726
6240677,OzzyP,946,1,520,1485
6245413,morceguinhoo,287,50,372417,205
6250121,maumau0001,0,1,644,1450
6252362,Dalcim2010,34,1,197,1687
6261338,edyemy,0,0,0,2058
6270184,LEANDRO P,286,59,526131,171
6280562,Limko,0,1,130,1768
6281709,Saffira,302,80,548592,167
6281869,Gladiador 06,302,108,987382,81
6299615,lliivviioo,0,1,1882,1214
6309083,-=BK=-,0,2,10743,779
6314174,Mamba-Negra,302,90,726949,127
6329798,knd nino,852,1,640,1452
6341203,Rominhaaa,127,4,31720,540
6345259,atesser,354,8,42293,468
6369282,cilodexx,142,84,747668,122
6384392,SuuperZuzu,0,2,16457,685
6384754,ImperadoLucas,1326,1,6108,912
6402651,flashgordom,302,85,658168,139
6415860,Harvey Specter,1291,16,83359,368
6415980,ALE PREDADOR,677,1,268,1611
6417776,ackton,1071,1,138,1760
6421978,valeiko,358,24,226255,259
6423656,Murdock73,949,20,117543,322
6427561,wtnLORD2,65,72,427185,195
6434781,diego svp,1231,2,5764,925
6442928,ArenA,142,104,953036,84
6443435,soudemogi,133,1,1414,1292
6463056,taciod,0,1,360,1560
6463824,leojulio,1327,1,170,1720
6470892,darcklima,0,1,164,1730
6479767,ALFA CENTAURO,0,10,31660,541
6493022,Gorgula,1134,1,1528,1269
6496656,Mano542,0,1,2660,1129
6508423,Ichigo Kuurosaki,0,1,272,1609
6508561,adaomassan,1266,15,54246,435
6513154,Oliuj93,637,15,66396,398
6513727,lcdsfilho,302,123,945046,86
6526703,The Vírus,21,101,840035,105
6530716,lord amarante,291,13,112244,328
6533067,ddcj,120,4,15747,689
6541239,Fernando Barros,450,40,261005,245
6559220,Arfier,0,1,1082,1356
6560556,General Bryto,646,0,0,2059
6562453,capitao naldo,0,2,6649,894
6566724,rodrigo230,65,65,631465,147
6568227,psciko,354,13,57112,428
6577953,tiasam,0,0,0,2060
6603763,bonitao esta na aria,1125,2,4376,986
6607121,War-Sir,1274,6,16401,682
6610861,Tequila Jr,187,3,7383,875
6622295,Sekaioshi,0,0,0,2061
6631824,smook,21,306,3101599,1
6642685,Gamarano,0,1,356,1559
6649681,guerra01,1136,1,3902,1018
6650115,santiago2020,637,1,1422,1290
6664431,Huawaii,0,1,26,1897
6678728,sant0scity,127,15,69104,392
6681377,vncs8,0,15,108552,335
6686476,GomesBalla,216,1,2361,1162
6695312,*Sangue Ruim*,821,9,24992,591
6751342,xico cdd,0,1,953,1380
6780984,clayton fernndes,0,0,0,2062
6792718,lord killerr,0,1,116,1784
6819559,wykalwz,0,1,26,1898
6824187,plets de uva,851,1,2947,1103
6837607,lastchange,187,2,3400,1058
6844134,Daniel Tora,287,22,207239,268
6852529,Moseley,291,21,193900,274
6861685,Hobophobic,0,1,185,1701
6863098,TSA90,1305,5,19662,650
6874936,Reivilo,97,39,99393,343
6881365,Guisabo,0,0,0,2063
6893587,giovaniciolfi,0,1,749,1418
6909096,Markinhoo22,0,7,14673,703
6912528,matheuszitu,0,1,3802,1025
6914999,matheus681,606,1,3063,1089
6919619,lorinhogaloucura,0,1,4896,965
6934939,Leeo4608,103,1,10216,789
6941835,marcatoo,0,1,2207,1189
6943224,Willbaptista,0,2,3823,1023
6944735,Renato da Elity,30,9,20591,636
6950063,leandro nego,840,1,1760,1230
6952184,heversonk,0,1,547,1480
6962695,Oi eu sou o Dudu,287,125,929705,90
6965133,guto1504,1271,1,1405,1295
6966123,Marcus627,0,1,3618,1036
6979129,internacional17,637,17,95160,352
6985486,GENERALDAGUERRA,0,1,4255,994
6993201,helderpt,0,1,1547,1265
7000261,Sir Pequenino,0,1,26,1899
7001225,jonex12,0,1,620,1455
7015857,lopes2011,0,1,26,1900
7017836,luanpoter,180,2,10141,795
7037587,manolloks,286,162,1280773,45
7039060,brunno777,0,1,86,1811
7045189,LORD VAYDER,287,29,300881,229
7047418,royugio,1084,18,117790,321
7047555,killerfonseca,48,55,139237,305
7068127,UzeBR,0,0,0,2064
7079127,jpnl10,0,1,456,1518
7087553,sb teamplay,97,37,202160,270
7091861,carrera500,120,1,198,1685
7098091,Soliza,1136,1,3756,1028
7099525,Edward Nascimento,0,1,336,1570
7118981,darknemesiis,0,1,26,1901
7119872,Razor Nevermore,289,17,114179,325
7123413,shmael,0,1,484,1505
7123675,maria janeide,51,1,216,1662
7124650,M E S T R E -,0,27,7403,874
7125534,IcemanSkywalker,152,0,0,2065
7130396,cfreire8455,65,57,347027,216
7135764,TheMorgoth,97,29,87726,365
7140372,wladimor,289,33,190381,276
7145860,Lokitto-,287,48,458463,187
7147340,edufp,0,1,266,1615
7147426,P E S C A D O R,0,1,2527,1142
7153066,Galas Bolth,0,1,327,1577
7154218,Dolov,0,4,28519,568
7164307,Nalap,97,9,52861,441
7166493,Arceus James,0,1,26,1902
7174288,zoinho43,216,1,26,1903
7199714,Kazuzinha,0,1,26,1904
7204231,Priorw3,0,1,1255,1319
7209932,aLz*,179,6,15211,697
7221253,markoski,0,4,13358,722
7221751,Talahase,187,1,1609,1260
7227005,raineko,0,3,6937,883
7229438,Piti Braga,358,46,480820,184
7245181,Frostriort,358,149,1393931,34
7246562,TENEBRIO,51,1,2549,1138
7248147,Carlos cruel,0,3,3673,1031
7262199,-Golden American BoyS-,905,11,35442,511
7270627,DARK OF TREVAS,65,288,2793050,3
7282201,vofp13,418,57,365449,211
7283130,valeriomendes,34,1,2684,1128
7284286,tobias1,0,1,26,1905
7299847,kacio2011,1231,2,949,1381
7299955,felipe.04,48,47,214762,264
7308259,AlaanFernandes,0,1,1107,1348
7309999,NoLoove,0,1,1144,1339
7315866,lasj,0,1,26,1906
7319349,*EvolutioN*,468,13,47065,456
7325557,Thissunade,734,3,12200,749
7330922,7W.Fimbull,10,1,2902,1110
7331306,Lord Jon Snow,65,204,1904369,14
7337890,Akkane,0,2,1708,1239
7338171,renangrx,0,1,675,1440
7359452,luiselias,127,13,72950,386
7367571,Sasha Grey*,815,9,51780,444
7380225,Alexander Gomes,302,43,342938,217
7395591,eczord,289,72,520728,172
7397491,uzumakhinata,0,1,1684,1244
7403536,oocoitado,1129,13,52458,442
7407969,WinFox,291,26,157334,295
7419675,miotto11,1262,1,3334,1063
7420003,Deusa dos Legumes,46,108,881435,96
7422886,barbosatrilha,0,5,28507,569
7431668,croatoan13,0,1,4892,966
7432754,Xaraes,0,1,126,1770
7441053,Triclops,0,1,83,1817
7448518,bipjb,142,201,1871780,15
7449375,Etainn,0,1,26,1907
7454870,rukoo,0,1,26,1908
7461022,josefs,0,1,55,1838
7462113,Sr ruffles,0,1,200,1682
7469645,XxDogxX,358,36,251393,251
7474950,nanda2011,180,10,38407,492
7480368,.DeSTruCTioN.,286,21,207337,267
7487997,Mané Galinha,0,0,0,2066
7488710,hannibal1995,418,16,76554,380
7496217,UpSpirit,287,90,706834,130
7497049,Lady Caroll,0,1,169,1723
7502897,BluesBoy,27,0,0,2067
7512765,cbrcobra,0,2,12355,741
7519275,artenapele,34,0,0,2068
7523890,dynoaps01,97,13,90147,362
7526714,Song Ackerman,142,94,920279,91
7540600,geovanneborges21,0,1,1744,1232
7544065,*Mangaba,1071,1,26,1909
7544289,Johkiller,300,1,222,1655
7554750,Debug,48,67,283774,234
7577120,REImurilo48,291,56,401448,199
7580711,left171,0,1,963,1377
7587592,orejana,0,2,8547,843
7595641,jcbbrodt,0,1,1302,1315
7597336,atenas 7,0,0,0,2069
7599478,joaococa1,949,20,80387,372
7621194,Wicker Man,879,1,311,1585
7629317,ILove*s22,0,0,0,2070
7631403,lykorz,617,1,266,1616
7636427,creusodagama,0,1,26,1910
7642900,silva salles,0,1,486,1503
7672764,tnthouse,291,18,67908,395
7678729,zCDz,387,0,0,2071
7681173,lord fild,180,3,11262,768
7686182,little wayne,1140,1,2164,1191
7694996,chocolate147,0,1,58,1835
7696257,c4st3l0,127,36,64749,403
7705905,betho kryok7,524,1,3478,1047
7707372,Leon Sama,21,103,871939,99
7710033,The seer,0,1,56,1836
7714791,eclipse7,0,0,0,2072
7720846,Dr. Haidar,354,6,28956,563
7724041,rydragonxXx,0,14,94198,355
7736488,- I Am ThE PaTmAn ?,286,131,1303909,44
7743680,migusta,0,0,0,2073
7745268,We are Ready,949,9,25063,590
7745536,SoulM4gic,0,1,6113,911
7756287,Mr. Noise,1332,1,110,1810
7758735,=EL PATRÓN=,289,89,721819,128
7759969,Cout-man,48,36,171520,291
7766645,astronoxy,101,9,8146,846
7781056,call of rei,46,85,869654,100
7784828,Ricardo Sousa10,1129,3,7839,859
7794839,1g9n9r6,54,1,9163,820
7799126,kevin2400,0,7,18404,661
7801942,jeanpwolff,286,217,1979946,9
7812735,deivid silva 13,289,25,158862,293
7814957,Bufallo kid,1129,6,22960,609
7816327,KillerArth,0,1,320,1582
7818634,Lamassu,0,1,157,1740
7823569,Arqueiro Verde,1291,34,278373,237
7824374,Destiini,0,1,306,1589
7825439,Rexor,475,3,7109,878
7829753,ZoroZ,0,1,199,1683
7835141,- = T Y F = -,289,66,649700,143
7844947,chelcoto,0,0,0,2074
7850654,Donald 007,302,47,372576,206
7854997,Fedorento,0,1,157,1741
7855000,Homenzinho Gigante,0,1,151,1750
7855168,Shoot To Thrill,418,11,77486,378
7855388,Haniel Of Elohim,0,1,175,1710
7858383,by Hate,0,1,26,1911
7859528,One98,127,124,335856,219
7863023,boatribo,1066,10,61855,409
7875316,algez,238,2,2564,1134
7875697,ivairongaratto,0,1,26,1912
7881841,dumedeiros,97,22,109493,333
7887410,Master cooler,46,69,606857,154
7888681,thiagofcoppi,0,6,8185,845
7891279,nuno243,0,6,33696,527
7891981,Velho Jack Daniels,0,1,32,1875
7896370,King Dominador,0,1,1379,1301
7901525,metaldene,1104,1,2736,1123
7907783,Huskyy,103,21,25887,584
7909482,salvifeijo,637,7,28858,564
7909532,PaulloH,1129,12,71718,388
7909615,Lord Sain,0,1,565,1469
7909671,Scrusch,475,1,2208,1185
7912004,Garp Debochado,0,0,0,2075
7921730,sagaz,949,4,10275,787
7925392,jeferson-jef,677,1,4141,1004
7925813,katsuya10,1289,1,372,1550
7925993,Zugzwang,0,1,157,1742
7926106,Vini.Fernandes,0,4,11542,760
7927588,league of legends,0,1,26,1913
7929307,RK38,1144,2,12288,743
7930660,- Frenetc @,0,1,149,1751
7930966,Rei Morato,65,34,210550,266
7931232,JoKlanov,0,1,437,1522
7935327,iTzLoox,1293,0,0,2076
7936309,-Stifflers,1327,1,26,1914
7937755,cayres2,302,77,495641,179
7939766,bebado,1252,5,13690,716
7941477,jmjunior00,354,8,29851,555
7945323,halendaquino,291,29,151064,299
7946075,gabrielhenriquesc,238,1,796,1406
7946098,eliton235,1215,1,3626,1034
7949169,guille,0,0,0,2077
7953644,netosgui,0,1,825,1396
7955570,beckisaf,1332,1,139,1759
7957583,StyleBrSz,21,113,878556,97
7958440,Ethannael,450,7,21756,625
7968497,josers,418,102,909347,94
7972592,puhzombie,0,1,460,1515
7973283,pinguimoliveira,0,0,0,2078
7977410,tadeumu,0,0,0,2079
7979840,tonysud,0,2,1722,1237
7987467,tavinhocdm,0,1,124,1773
7988561,ANDRIDE,1095,1,54,1840
7990422,- Ragnar Lothbrok,289,66,613338,151
7995499,bruno84,0,1,1364,1304
8002668,The Grepolian,0,1,26,1915
8009241,FalangeAzull,1291,39,277909,238
8011209,slywor,187,1,1048,1360
8016061,emscar,852,1,1007,1373
8018043,tikilovers,0,1,138,1761
8018480,micoxim,1104,1,226,1648
8021643,tilken,810,11,29433,559
8027165,dindin12,1084,18,59730,417
8029726,Ariane.melo,0,1,26,1916
8032546,MeiaNoite,1129,2,4912,964
8037536,aguia123,0,1,26,1917
8038470,PedroBauer,291,19,156243,296
8046778,-Mandelinha,1293,4,20987,633
8049091,Miiggs,289,68,483373,183
8052104,alexptc,0,1,4732,973
8056903,lasa1970,606,1,1197,1331
8058703,WOLFSKY,1266,8,17613,671
8061834,lord edilson,475,1,3612,1037
8063189,Ogan,1314,1,580,1467
8065163,Haulbrosley,260,1,1433,1287
8075893,Adezinha,370,1,214,1666
8084002,phantomx,450,5,12137,750
8088214,- Host Killer -,0,9,37448,499
8091124,Betão,275,1,84,1815
8093791,mestredosmagos,0,1,26,1918
8095624,fernandez,0,1,4189,997
8105640,L0rdEmpiree,287,6,13846,715
8106319,TANAGRA,1230,2,4773,970
8108209,almeidacadu,34,7,27440,575
8113308,GRILLO,949,14,77366,377
8114132,Gengis Khan-,0,1,442,1520
8118247,Senhor NeckeL,1140,1,275,1607
8123397,Robertinho555,0,1,372,1551
8123777,igorbarioni,0,1,2485,1147
8124390,Arkkantus,0,1,261,1621
8124581,willsammer,289,60,537931,169
8124798,XLK22,0,1,1623,1256
8128825,LeagueOfLegends,65,49,318109,225
8130761,jhonatant,0,1,26,1919
8132542,sparta789,0,1,26,1920
8137079,rikardo4100,0,0,0,2080
8146610,riistetyt,1060,1,9568,812
8146758,Gobbi,1178,1,26,1921
8149364,Topeirafux,0,1,1477,1282
8152033,CrikeNL,1054,7,43930,462
8158378,Sparta2,1148,1,610,1458
8159821,Horus.,949,12,34992,517
8161149,Ivo viu a uva,0,1,154,1745
8166993,Zanpa*,45,10,58267,421
8167983,cervejeiro,0,1,226,1649
8169307,Pônei Maldito,65,110,746795,123
8177047,Leo17Matador,46,116,858927,102
8179733,kmassarr,0,1,2262,1174
8182007,murahara,368,0,0,2081
8186923,Jefferseike2,475,7,25425,588
8187383,sousarinos,0,1,155,1744
8190057,X-EGG 2x,0,1,5761,922
8193141,Arroz Sama,21,117,1092983,67
8194872,1denon1,46,124,1000767,79
8195416,bidu1557,216,1,171,1719
8196494,markuswill,46,181,1605292,19
8196536,Bloodthirsty,286,75,671371,134
8206675,Druida,358,17,104311,341
8206802,Jupitter Yeager,142,194,1959675,10
8209620,CapsLook,358,2,6879,884
8225087,Kanna Kamui,0,1,6940,882
8230558,ricks100,418,16,122770,319
8241656,hashtagvtzao,34,5,9527,814
8243788,majorbelo1,46,143,1465926,27
8244191,hpkbr,0,6,22452,617
8265197,acerva,51,1,5897,917
8271328,Casaca Vermelha,21,157,1513352,23
8274900,joelfeiten,368,8,12564,739
8277287,- S a v a g e *,0,1,26,1922
918631050,Narizgão,142,184,2002039,8
918645436,odmilso,0,1,2886,1111
918645510,czar ivan1,1317,7,21773,624
918658771,Viúva Negra,21,142,910567,93
918659195,- Mercador Da Morte -,851,5,18694,659
918660220,killer95s,1060,46,179995,283
918670937,Brendo182,0,0,0,2082
918675815,Sr Fazendeiro,0,1,503,1497
918677191,jorge3655,475,10,36327,508
918711123,LoveCPs,127,86,826759,108
918711627,Follow,1084,6,35223,513
918713423,jneves87,1084,20,98802,345
918713809,Maclaed,1266,20,74125,382
918716841,Naldomecão,475,5,15513,694
918724325,Dr. Mainardi,815,19,66273,399
918724457,Cacau von Aix,1060,16,30832,550
918729488,spder23,1104,1,1037,1366
918734121,natysim,0,1,461,1513
918736187,Senhor Arrocha,0,1,296,1594
918739823,.churrrumilo.,0,4,16655,678
918741127,CesarCurvello,606,3,2369,1159
918745650,Hashiro,286,158,1231735,48
918746577,heliton0321,142,50,376037,204
918747829,Rei Jhonny,0,1,8018,853
918753545,Forró Boys,358,2,19654,647
918755688,rpavarina,97,60,393195,200
918763319,HellsBells,0,14,65755,401
918775584,Terrorist of Shadows,21,73,623770,150
918780310,Senhor Alencar,101,2,3026,1094
918781334,zetokiller,765,0,0,2083
918793084,Kore Taylor,30,5,10713,780
918796084,nilton128,0,1,1868,1216
918796938,Tacobewe.,0,2,9147,821
918801947,andremertens,0,1,232,1644
918801992,Garciavitor,0,1,26,1923
918805004,Seraf-King,0,1,180,1706
918824671,SrRodolfo,0,2,5438,939
918825356,-DirTy Style,450,5,40933,475
918826756,o secao,287,147,1354912,40
918827104,Tuco87,97,41,329006,220
918827676,JuniorFerreira,0,1,404,1536
918829346,1noob-FA,734,1,2235,1178
918831937,Judit Polgar,879,1,154,1746
918842336,veni vidi vici,0,1,159,1735
918842760,DOMSID,1322,1,2522,1144
918852150,Senhor Scadufax,1312,10,58811,419
918852607,FerKsBr,1178,1,142,1758
918856240,LuckyStrike,286,115,1080330,69
918857781,EUTENHODUASTEKPIXS,949,25,150212,301
918859892,Fanghorn Berserk,0,1,26,1924
918864038,edcordeiro,387,3,11788,756
918865801,Solariun,48,18,140705,303
918866300,wromaww4,0,1,324,1584
918873345,Dymond,97,36,255237,250
918874497,Rei Soberano,48,39,290379,231
918881485,Nego*Drama,1144,2,817,1399
918882105,paulojunior,0,1,26,1925
918889446,Garen Power,810,0,0,2084
918891459,Senhor Gandalf The Grey,617,1,767,1412
918894060,10lululuan10,291,10,46928,457
918894244,Senhor imortal,0,2,1737,1233
918897113,Cz-Ares,127,8,53544,437
918898737,rafael8skate,1020,1,211,1672
918898782,NeedStarck,810,42,83493,367
918899905,Valdemar12*,302,77,582284,155
918903930,jorge o mixirico,21,101,832926,106
918912283,Marafonfoz22,0,1,26,1926
918913258,MariMarilu*,302,70,571444,159
918914611,lord nobre,0,1,416,1531
918916207,Santana1,1291,91,577351,158
918916774,Noke Destroyer,46,245,1852143,16
918919530,chrispottes,46,80,492932,180
918920176,cardozo mengao,46,64,500000,177
918921168,Rosa Marie,0,0,0,2085
918922155,Matias1,238,0,0,2086
918923392,King Joseph,815,10,16125,687
918925465,plinio,214,1,242,1639
918936027,flavio1119,291,45,372294,207
918941182,mauriciowederson21,0,0,0,2087
918943526,Senhor sgt da guerra,0,1,2349,1163
918944607,rafael7skate,0,1,147,1754
918952201,Dougbrux,0,1,26,1927
918954555,luisfsb,1291,40,322012,223
918966205,vini.universal,354,6,31095,546
918966861,felipe de liz,1129,19,73854,383
918969145,BaraoNashor1,0,2,9961,800
918972410,L.Beltrao,180,13,42720,467
918975725,arison21,127,17,69634,390
918981591,bielVL,0,1,1582,1259
918987352,Eiras,287,138,1130923,59
918994341,BrunoBarao,0,1,26,1928
919003017,marko-vGAk,0,1,287,1597
919003103,Carluz,0,1,3445,1051
919003352,xFaither,289,25,173570,288
919006231,rcbremm,0,1,1651,1252
919006844,Matrix o Retorno,151,1,189,1699
919010012,Suco de Laranja,0,1,159,1736
919011871,gergilim3,0,1,266,1617
919015615,hot spot,0,17,94623,353
919018208,Soldado Negroo,45,16,129295,312
919019553,DONgrudon,0,1,148,1753
919021463,piiinga,1136,3,12704,737
919024563,- B l a c k P o a -,0,1,688,1437
919030885,maicocco,0,1,80,1820
919035212,Deltiim12,821,19,63956,406
919040201,Cage The Elephant,142,38,335902,218
919049896,Os Caipiras,21,143,1192955,50
919050340,-Musashi,606,1,1690,1243
919051044,Gringoo Muzan,0,1,26,1929
919051186,Cerebroeng,0,1,3844,1022
919054305,mandakeru,0,0,0,2088
919056617,jvcf77,0,1,5275,947
919057187,JosepheR FdJ,915,1,1701,1241
919058543,Matt1910,821,25,105682,340
919060397,crinadecavalo,0,0,0,2089
919061465,ReiPolho,1073,1,393,1542
919061514,Rei Noceronte,1073,1,1090,1353
919063641,p0nter,0,0,0,2090
919073624,HienaHaHaxD,46,129,1131044,58
919074410,Bob-Esponja,810,27,101821,342
919075380,Badfish,810,1,26,1930
919076275,rivanildo78,0,1,1467,1284
919076859,Dra.Ana,0,1,430,1524
919077527,Wallzerax,0,1,3211,1072
919079409,yhamaxiro,0,0,0,2091
919081515,Rosembrinck,0,7,26705,579
919083349,pablo279,0,1,26,1931
919087688,R Rei mustang,606,1,197,1688
919094024,Hackerpro.biel,0,0,0,2092
919095909,snak,238,2,6814,890
919102785,Senhor dragão negro,450,21,92102,356
919103704,Principe Jingim,291,9,49902,445
919104663,HannibalLecter698,287,63,557479,165
919106855,H4ll,302,110,1091381,68
919106936,RaMpAgE.,1281,1,26,1932
919108308,TIU PATINHAS,0,1,26,1933
919108731,-= YOUNG FLU =-,427,0,0,2093
919110380,cookie 8D,238,2,9775,805
919111349,Ritterbruder,0,4,35256,512
919117736,The Kraken,0,0,0,2094
919128639,nobre nascimento,1144,2,4520,982
919130197,RSFN,287,11,19855,646
919130214,xviper,0,2,7630,865
919131132,p3renan102,0,1,673,1441
919133429,Caroba,97,70,434488,192
919133464,Orfanc,0,2,3651,1033
919135465,Irajovem,0,1,26,1934
919140025,lima1970,0,1,4242,995
919150017,Pelegrinesco,330,1,557,1479
919156205,tio ted,475,11,51989,443
919158086,Totoca12,1252,8,22602,614
919161795,Senhor carvalho25,187,1,2037,1205
919169484,XBatataFrita,65,175,1479021,25
919172893,YodaGod,0,1,311,1586
919173300,Djjapa,0,1,4573,980
919178638,GUAJAJARA,0,2,9049,824
919185307,deusafroditt,1250,0,0,2095
919185387,SrSiri,0,1,464,1512
919193375,JonathanGouveia,0,7,24553,596
919193514,ArcherNight,0,1,209,1674
919197751,lucasbloodhoof,1104,1,821,1398
919197755,Saint Seiya,1302,1,220,1658
919199920,Ferrez,0,0,0,2096
919200476,The Pursuit Of Viking,46,126,1157124,53
919201490,Rei Rebelde,21,73,630613,149
919202593,Based Stickman,0,2,2261,1175
919203209,Lord Liuzzi,1060,6,21851,623
919205039,Juaobac,1084,35,214365,265
919206896,lukakinha,0,0,0,2097
919209466,tony86,0,1,1840,1221
919209748,crazy life,221,2,8770,836
919214382,zaanoon,97,18,124110,318
919217005,Pirate Skull,65,83,667482,136
919218785,Beleza.pura,0,2,5758,923
919220387,iCoala,97,25,90569,361
919223084,GambitCannonbal 2,0,1,26,1935
919224403,Tauba-San,0,0,0,2098
919224635,- Corinthians -,0,1,26,1936
919224672,Dirkfreitas,0,2,7707,863
919225335,player123,51,4,4179,999
919226027,L C zz,734,1,26,1937
919226358,Valter William da Silva,0,1,332,1573
919230858,Maragatos,0,1,4383,985
919233657,Shaka de Virgo,1286,1,2414,1153
919234453,Fantidas-Alemão,142,231,2266598,5
919236434,Rei josef,1108,1,1470,1283
919240196,Alexcorteix,0,1,799,1405
919241662,japaK,0,1,26,1938
919242122,KillPain,354,1,3496,1042
919245274,ninolost,475,3,10183,792
919246491,Stromberg,734,10,16604,680
919246576,MongulNegro,852,1,810,1401
919247421,sunshine15,0,1,3239,1067
919248718,Shanks o Ruivo,286,110,1032372,74
919248842,AppMestre,879,1,2908,1109
919249995,Mephisto,0,0,0,2099
919250930,El matedor,0,3,13395,720
919253820,lord Darkcei,1136,4,11412,763
919257780,Eternal.Oblivion,0,1,156,1743
919259070,dom beraldo,810,44,263978,242
919261198,Sarayu,46,139,1123230,62
919263395,Super Zumbi,0,0,0,2100
919270291,Kopatropa,0,0,0,2101
919270676,katrinas,0,1,2122,1197
919271703,SamSte,1134,3,5066,955
919272867,Letizzia,1192,1,1332,1309
919278025,=ShadowofDarkness=,354,12,69499,391
919278789,Dhjeio,216,1,2209,1184
919279823,dirlei,1084,6,25645,586
919282692,Senhor priamo,821,15,39639,480
919283263,cabritaRX,0,1,2859,1114
919286022,tallyshbs,0,3,6596,895
919287205,Top Carrusso,572,1,681,1439
919287285,ykaroo,1292,6,64207,404
919288315,victorandrade321,238,5,11638,758
919289420,Deneb,0,1,2951,1101
919290491,Forver,0,1,106,1797
919292596,ogleenmorreu,815,3,3916,1016
919292655,daimaon,45,19,113406,326
919292980,cotariano,127,7,35043,515
919294149,joandriani,286,133,1270950,47
919294206,raphask8,0,1,44,1863
919294745,Aragon21,0,1,1727,1235
919295773,testando,0,1,26,1939
919296533,Rodrigo307,0,1,449,1519
919297099,matheus165,810,0,0,2102
919298123,marcelinhoggg,1148,5,6363,904
919298698,BigZ,1000,1,287,1598
919300652,Lazadan,238,1,203,1679
919301819,**MATADOR**,0,1,1125,1342
919304517,Jeziel bsb,214,1,3023,1095
919304819,Mr Nico,0,1,6198,908
919305423,King of Glory1,0,1,478,1506
919305958,H e n r i K i n g,103,0,0,2103
919306592,Martins25,852,1,216,1663
919307638,MASTERBRUXINHA -,815,6,22403,618
919308506,- Tony Country *,0,1,48,1853
919309124,br.01,0,1,669,1443
919309191,nucleopcw,120,1,3308,1065
919309370,InK1,0,1,1510,1274
919310518,Jm tribal,0,8,42181,470
919312333,tatoom,48,1,26,1940
919312698,FLUZÃO DA MASSA,0,1,49,1850
919312760,GUERREIRO TRICOLO,287,68,561568,163
919316868,ferreira1963,1252,8,18363,662
919316954,Dimitrius,949,9,36264,507
919319259,P A U L I N H O,0,1,172,1716
919319830,2ktuudo,120,0,0,2104
919320138,sfgab,1060,5,28020,571
919321600,PRINCESA JULLY,238,4,9761,806
919321818,Brolindoo,418,80,782913,118
919322625,Yenadumang,221,6,19111,652
919324747,Dariuz,0,0,0,2105
919328539,checheto14,0,1,765,1413
919329109,pedroca99,45,32,250086,252
919329305,Alfa 96,358,22,116841,323
919333631,André Purificação,1104,1,506,1496
919333664,lokojhey,0,1,560,1471
919334927,knowhow26,354,2,13070,730
919335107,Rainha Vallentine,0,1,206,1680
919335645,- OnlySpannK,287,31,261031,246
919337355,Thaís Campos,1308,1,117,1782
919337444,olokosid,0,1,174,1714
919337498,deivares,418,6,31797,538
919341100,Carlos I,302,58,448856,189
919341113,Docari,0,0,0,2106
919341632,jose e Grazi,0,0,0,2107
919342874,ShizukaXD,0,1,469,1509
919343204,Heliobraga,852,1,202,1695
919344326,jiromba,0,3,11423,762
919345382,Bafritz Ultimate Bushido,1291,46,434304,191
919346680,Tridapalli Wizintainer,0,1,419,1528
919351310,RYUK Shinigami,0,1,101,1802
919351392,Underdeathbody,1302,1,243,1632
919351962,LAGARTAUR,0,1,133,1763
919353886,ludoente1,684,2,5758,924
919355082,Davi007,418,24,175973,285
919356625,Mr Crow,0,12,27808,574
919359622,GKlaaus,21,95,806484,112
919360118,BgzaN 2.0,65,114,974464,82
919360990,Zaaw,127,12,61616,410
919361817,aryrio,323,1,165,1727
919362357,AliceStark,0,9,37403,500
919362445,vitor.carlos.gomes,709,0,0,2108
919365363,rmedeirosbr1,368,1,1368,1303
919367562,.Arlequina,0,1,26,1941
919368830,comandos.sousa,0,3,5706,928
919368836,Marion,127,1,6942,881
919369625,PRÍNCIPE AQUILES,0,1,26,1942
919370048,Ronix,0,1,577,1466
919371642,Jardingoing,130,1,257,1622
919371696,FernandaRodene,0,0,0,2109
919373419,tiburtino35,1292,3,5501,936
919374692,Mr.Silence,1291,22,114890,324
919375831,SemSintoma,475,5,9717,809
919376850,Eragon Targaryen,0,1,1660,1250
919376887,Danillo,46,89,805550,113
919378053,Kako25,1084,6,22534,615
919378595,diiiigao,0,1,601,1459
919378820,Ilusorium,1129,4,11343,765
919379291,Spaders,0,1,26,1943
919380130,Mr quente,287,33,287526,233
919380655,tunico petry 65,418,19,106222,339
919380830,vitimARRASTA,21,86,652842,141
919381200,Rei The Monster,97,12,110205,331
919381243,COSTA BRANCA,146,27,111828,329
919381386,Mallek,21,200,1787789,18
919381732,Psycoalien,97,4,38646,489
919381786,Ferreira Teixeira,573,1,1125,1343
919382364,marcoolaa,0,1,1214,1327
919385006,.Harvey Specter.,0,1,26,1944
919385206,LucasQuadros,1084,8,67703,396
919391252,blast10,142,56,499318,178
919391702,matszanotti,0,1,26,1945
919391898,Sjjunior,142,61,550655,166
919391900,lenine o grande,0,1,311,1587
919394382,- NoOb.,0,7,4046,1011
919395830,Leite Ninho,146,7,32479,534
919400530,jareddee,0,1,249,1627
919403003,EngenheiroCivil,291,36,349131,215
919407157,Nobre de Fuzil,146,14,69061,393
919407394,Andsouza,0,1,1178,1334
919408332,Detardeurus321,358,92,797839,114
919410019,King Parabolan 19noR,1318,1,26,1946
919410621,Diogo Leandro,0,1,1331,1310
919410848,SUICIDEBOYS,289,9,80926,371
919411648,wendigus,54,3,9188,819
919412806,don monteiro ll,0,1,217,1661
919413126,JotaPlays312,0,1,1855,1219
919414343,Rei Freire,0,1,26,1947
919415785,luisHenry,0,0,0,2110
919415989,Luis.Fernando,0,1,2084,1198
919416151,Mestrefil,1104,4,7461,871
919416722,felipefcj,0,1,26,1948
919416900,Ktz Modunha,0,1,1016,1371
919417093,Lelim.fo,1085,2,9947,801
919419209,Gui.,0,1,26,1949
919420887,LeticiaeCamila,387,4,24273,598
919421097,Big Papa,0,1,229,1646
919422612,OnlyBielzada,1332,1,238,1640
919423322,wfboyek,450,13,43516,464
919423552,GUGU007,238,0,0,2111
919424481,vrauz,287,13,74142,381
919425008,- Du Dudu e Edu,289,32,92068,357
919425303,ProTek,21,90,821654,109
919425352,epidemia,0,1,26,1950
919427434,DocKa,1291,10,76975,379
919427484,Lucenax,0,0,0,2112
919428453,Douvee,1315,2,6464,900
919431408,skiva,0,1,10019,799
919431992,Ducca,291,5,30860,549
919432482,Rei Feraka,289,51,364557,213
919432628,kilder1984,0,1,263,1619
919434301,Reis.rebornn,0,1,26,1951
919434669,RtZlLuKe,21,130,1135017,57
919435708,botani,21,150,1474334,26
919436342,FoX2016,1295,1,2175,1188
919436494,Acnaton,0,1,466,1511
919438374,Mauriciomatoss,1318,1,26,1952
919439740,Rei isaias1,187,7,11565,759
919440484,gabrielbm,0,0,0,2113
919440560,palukalhp,0,3,9040,826
919441809,AbaKte,302,108,841490,104
919442019,-Portgas D. Ace,286,192,1923737,11
919444960,Faaeer,287,65,513561,176
919445371,f a 7 h e r,0,1,9883,803
919447092,Mister lombra,0,0,0,2114
919447151,enggilmar,21,131,1213308,49
919447338,Lucimarlo,0,1,1772,1228
919447923,C E R E Z A N E T T A,0,1,182,1705
919450164,LF united,0,1,270,1610
919451099,O mestre volto???,427,0,0,2115
919452834,chatin9,0,2,7998,854
919453825,Rei O. S. A19,0,0,0,2116
919454997,Sir Felps,1060,6,8892,833
919455914,trustinthehaja,810,9,31326,543
919455926,DEIVID GAMER 4.0,734,8,43648,463
919455972,JohnMors,1084,14,96489,351
919456636,YAMABUSHI,0,0,0,2117
919457785,Skyline Beyond,0,0,0,2118
919459478,Lord Miguel,1330,1,199,1684
919459988,lucasBerba,0,5,22757,611
919461858,Romis,368,1,26,1953
919461936,JoanaDarc2018,187,0,0,2119
919463144,dom Marezi,726,3,12844,733
919463152,Ragnar Lothbrok,5,1,204,1677
919463873,felipebatistas,97,25,241769,255
919464931,rev1,321,0,0,2120
919465768,Lazarus,1084,29,171986,290
919465948,Belzona,734,1,214,1667
919467135,Serafim,0,1,2639,1131
919467989,AP2AA,1252,18,81043,369
919468172,CatRostov,0,1,4189,998
919468220,Sr Eder,852,1,1421,1291
919468390,FURIOSO0000,949,7,29096,562
919468580,wendellPM,0,10,68248,394
919472547,theusfelix1,0,1,124,1774
919473115,Theo,0,2,1672,1248
919473639,montanha,758,3,6441,901
919474199,bielandrade,48,5,32050,471
919474915,ricardo3460,0,1,1179,1333
919474990,Rei Victor Baratheon,0,1,5088,954
919475943,Riquinho23,450,3,20084,644
919476182,SIDarta GODtama,46,132,1279320,46
919477508,regi12,0,1,1246,1322
919477722,1964opressor,450,5,25607,587
919477947,maximus123,387,1,401,1539
919477956,onze,387,1,1342,1308
919478188,OnTheRun,0,1,332,1574
919479204,alexluduvice,0,1,4996,958
919480178,Trutamar,1140,7,19652,648
919482448,Rei Daniell,0,0,0,2121
919482897,estatico,852,7,10196,791
919483316,Comandante S.W.A.T.,286,39,365787,210
919483501,vitoco,0,3,7059,880
919484127,hotta,358,66,516744,174
919484334,Pimentel.war,524,1,2118,1195
919484465,owneersteus,0,1,36,1870
919485527,Mazao,0,1,122,1776
919486715,P L O,490,1,547,1478
919487249,meauzz,0,2,4954,963
919487457,SR LÚCIFER,1013,1,3184,1078
919488651,Ricardo luiz,0,1,740,1420
919489482,- SBP,1134,4,7942,855
919490009,Rei-Das-Trevas,0,1,26,1954
919490437,crismaster,0,1,69,1832
919490579,PanchoVilla,302,52,314339,226
919490652,ZéCachaza,0,1,651,1447
919490718,manolomt,810,1,10407,783
919491663,kabloco99,0,2,9113,822
919492287,dessinha,1071,0,0,2122
919492844,xaubrigado,142,116,1069399,71
919492903,Leoxbom,0,1,73,1824
919493163,marceldias3,1148,1,458,1517
919493250,ronierealmeida,0,1,1480,1281
919494307,Ulian,1314,1,642,1451
919494709,jacanzao,275,1,1094,1351
919494803,Guiargiles,0,1,82,1818
919495079,zaquir,65,68,608415,153
919495203,YHAM13,0,0,0,2123
919495999,DiogoVelter,1104,1,2234,1179
919497196,decoxan,0,1,236,1637
919498329,Paulo H,0,0,0,2124
919498546,Blackinho,21,67,565286,162
919498970,Amanowars,286,112,1140259,55
919499277,Hassansmj,1291,84,704338,131
919499537,Gudan Guerreiro,0,2,8130,847
919499849,xColombo,45,3,24772,593
919500019,7IGRE,323,1,2270,1172
919500714,Córação,1294,0,0,2125
919500758,Yusuke Nightmare,1060,17,61498,412
919500783,brunohsg,0,0,0,2126
919500807,matheusfjose,0,0,0,2127
919500839,Undertaker2014,637,1,2551,1137
919501017,Pato Rouco,88,1,1413,1293
919501106,Lafaets,1147,1,4515,983
919501118,Zaleuski,0,1,101,1803
919501192,Hagar,238,0,0,2128
919501248,repsol,0,1,279,1605
919501580,Jaffe,0,1,105,1799
919501757,trundle,302,67,667704,135
919501865,MARCIONE,450,7,18021,665
919502256,Rei Valadao,450,1,2286,1170
919502311,RickTboa,21,110,568402,160
919502744,Kematian,0,1,69,1829
919503726,ssjgoku,0,1,154,1747
919503872,Rei Sérgio Lima,0,1,2395,1156
919504850,Rei Soterasiel,0,0,0,2129
919504961,Sylvie,302,61,289110,232
919505053,halifote,1071,0,0,2130
919505238,Sool,0,1,134,1765
919506036,pinkman,221,11,38609,490
919506904,meaning18,358,44,369685,208
919506996,KinTetsu,286,78,788023,115
919507002,Rohling,686,1,1409,1294
919507006,Utzig,0,1,26,1955
919507328,- Cajaal,286,60,565779,161
919507501,YaK-Rader,1306,1,347,1562
919507513,joaoggb,0,1,26,1956
919508425,marekill,1321,7,21997,621
919508429,TheDig,821,5,34726,519
919508507,Lagarto997,0,1,346,1563
919510539,Dimas vl,0,2,1262,1317
919511342,Wyverton,0,1,4657,978
919511628,humbertoe1,291,25,235369,257
919512050,Barizon,1291,11,57546,425
919513909,O renegado,387,1,1042,1362
919513953,BrunoNogueira17,97,7,12685,738
919513963,trebied,0,1,26,1957
919513974,marcola120,0,1,2083,1199
919513995,ribeirorf,741,2,1555,1263
919515273,The RX,606,1,604,1462
919515482,Helio02,1211,0,0,2131
919515891,Klaus Boaventura,0,7,38071,496
919516072,LoOneyTuneS,1134,1,2294,1168
919516977,- S n o w -,0,1,26,1958
919517763,DestroierPB,0,0,0,2132
919518228,dicky,45,18,106823,338
919518455,Tonzera420,0,1,26,1959
919518588,Soadzin,0,1,2391,1157
919518953,Devastatron,0,1,485,1504
919519206,jj-boy,21,171,1557633,20
919519377,rodriguesnetoo,1129,9,15303,695
919520526,PROFESSOR100,0,1,4023,1012
919520733,nenoia,0,3,13402,721
919521558,Touro,606,1,781,1411
919521780,H e i f e t z,358,153,1171760,51
919521797,ToXa007l,65,112,1079690,70
919522214,Rei PEDRAO,368,7,13315,723
919522398,Terrivel-fms,0,1,205,1675
919523042,Antoonio,291,14,110854,330
919523890,Tio Polvo,0,1,221,1656
919523983,Rei Joppert,450,16,58276,420
919524094,lucasr.cunha,1140,3,8904,829
919524704,Night Wolf Black,990,1,3085,1086
919524831,-=VcSabeQuem=-,0,1,2223,1181
919525251,Ligth Wolf,97,18,98353,348
919525338,OSabio7,0,1,53,1843
919526561,GOD Hades,21,69,611878,152
919526826,underground027,0,1,92,1806
919526994,capitaoJOE,179,6,17145,675
919527101,paulo1996,0,1,1705,1240
919527257,urbano,1060,0,0,2133
919528263,jackzinx,48,29,128473,315
919528587,DUMPY,46,68,636376,145
919528619,WFroes,0,2,4003,1013
919528828,HunterHST,46,138,938672,88
919530606,Sir. Boni,0,5,10587,782
919531370,Erika888,0,1,2935,1106
919532665,bombeiro21,1136,1,3068,1087
919534069,samuelpolzin,0,0,0,2134
919534607,-Muzambinho-,46,202,1809347,17
919534743,Eterna CCAB,46,116,1104668,65
919535026,Nathan limana,289,48,324834,222
919535050,- Trident -,97,35,223012,260
919535090,kurtty,1293,5,40990,474
919535536,dessacoutinho,179,4,13085,729
919537303,R Julia,1134,1,1584,1258
919537482,Emperor72,180,3,5013,957
919538271,victorviannajr,127,32,187557,278
919538355,xXZoRoXx,1291,27,296349,230
919538358,Gleyvison40,1060,6,15791,688
919538532,Diegoluxx,0,1,26,1960
919539061,lukaszdlk995,0,1,665,1444
919539471,Deah,286,129,1059264,72
919539512,-GuiGuga-,0,1,1104,1349
919539525,Lucasdilda1,0,1,26,1961
919539627,tikjhow,0,1,345,1565
919539850,DirtyMind,0,1,26,1962
919539869,kiel4,1108,5,14252,710
919540085,Naelzera,142,94,820080,111
919541378,TiranoMestre,1210,4,11856,755
919541592,Mario Chapolino,811,1,1314,1313
919541730,Big.Everson,0,1,715,1426
919541772,Loudzin,601,1,757,1417
919542465,Mallet,729,0,0,2135
919545854,William Mello,418,8,17569,673
919546929,Crinado,1084,7,36437,505
919547052,wardinario,48,32,258611,249
919548757,desdrava,637,4,14262,711
919549259,Joaozinhoo,0,0,0,2136
919549333,ROGERGAFFO,238,2,4380,987
919549618,juniorlorenzi,0,1,26,1963
919549763,klatez,0,1,508,1492
919549930,Hungara,0,1,1725,1236
919550283,BertoP69,815,1,4737,971
919550286,Ibalo,815,1,1019,1369
919550565,luizpaulofq,180,9,47850,451
919551576,gabriel o Rei,0,1,195,1691
919552393,Grypem,0,1,26,1964
919553320,Tardelli,0,1,193,1694
919554004,edperon,354,4,10795,776
919554358,VINGA12,0,1,2789,1121
919555073,ARAGÃO,450,10,40477,478
919556097,takeshi9000,0,1,163,1732
919556460,Lúcio e Milka,0,1,1174,1335
919556949,Matheus2020,0,1,38,1869
919556974,carlos balada,289,26,132965,310
919557539,Olho de Corvo,0,1,205,1676
919557755,AndreySenna,475,1,1093,1352
919558013,erick alba,46,74,520367,173
919558768,STOP 24,0,1,26,1965
919558789,PoliciaFederal,0,0,0,2137
919558897,Canhim,179,2,3191,1074
919559054,Brown,0,0,0,2138
919559175,gabigol95,851,0,0,2139
919560169,Pousão,0,1,3175,1084
919560315,non3,289,8,79124,373
919560357,pkt10,949,17,61191,413
919560664,Beoca,0,1,2225,1180
919560863,Siriloko,450,6,21018,632
919560887,JonnyNigro,0,1,26,1966
919561268,KRATERA,0,1,4799,968
919561400,sagine,980,1,461,1514
919561426,Mauro Lodbrock,0,0,0,2140
919561605,fhooliver,1104,1,1541,1267
919561817,sevigal,949,4,17575,672
919562163,jiloflor,0,0,0,2141
919562303,Sakanno,637,1,693,1431
919562352,claustrospelunker,726,3,2942,1105
919562683,Monsterz,65,121,1162631,52
919563397,Notle sa,0,4,10693,781
919563536,jgoesduarte,287,150,1356427,39
919563784,Stark13,418,7,20224,643
919564113,ExcorpiioN,0,1,26,1967
919564653,ChuckNoia88,358,61,403591,198
919564698,Gladiuus,1097,1,2366,1161
919565349,Leticia77,1048,0,0,2142
919565753,MuRiLo-MuRa,450,4,14637,704
919565818,Pri Les,1210,1,591,1463
919565833,XxDeniXx,0,1,1993,1207
919566124,Lord Jhony,286,164,1524325,22
919566262,Semcelebro,1140,4,8863,835
919566534,vitor333,0,1,26,1968
919566811,wave,0,3,26294,582
919567222,Gremio Rei de Copas,289,30,262614,244
919567321,thezzy22,0,1,26,1969
919568324,- Taz.,0,1,1058,1358
919568386,is Bosta,0,1,26,1970
919568753,salvinojj,103,0,0,2143
919568928,hartke98,1134,1,1153,1338
919569040,boto bota fora,0,0,0,2144
919569548,CAYOVCRr,1053,0,0,2145
919569672,eduardes,287,151,1409832,32
919569741,fabiofrank,0,1,26,1971
919570208,Akylles,0,1,26,1972
919570281,gigomesc,0,1,1546,1266
919570386,Floriano22,1060,3,14613,705
919571170,bugre doido,0,1,368,1554
919571877,Agente - 76,0,1,760,1416
919572247,fabios123,637,6,21443,628
919572469,Marcus Groppe,1266,17,58306,422
919573444,Warqueteta,1314,3,4542,981
919573546,joao51,1261,4,22586,613
919573639,Sandro 1,1280,1,1779,1227
919573819,DjpaulinhoI,0,1,32,1876
919574214,limax,637,2,3492,1044
919575167,Lupusrg,821,16,90790,360
919576011,Alex guitarra,0,1,129,1769
919577243,-Zarkarian-,287,149,1362512,36
919577688,BukBukFonFon,483,1,374,1549
919578165,Fran242,0,1,2246,1176
919578400,stupidiot,0,1,517,1487
919578985,Galadriel13,0,1,2525,1143
919579751,TOGU,0,1,1235,1321
919580757,Royal Sunrise,0,0,0,2146
919580835,MADARA1337,0,1,26,1973
919581106,paulo vitor,354,9,29922,554
919581404,megatroy,0,1,322,1581
919581872,torque1,0,1,3405,1056
919582775,Ragna Lord Bruk,0,1,2290,1169
919584182,96Vinicius,0,1,460,1516
919584239,luanhenrique,287,7,39629,481
919584735,alvaroIankoski,0,0,0,2147
919584739,MPinho,0,1,418,1530
919584977,LEÃO DA MONTANHA,0,1,2796,1119
919585045,Mystica,0,2,8587,841
919585121,SouFragil,302,94,912706,92
919585292,mixtli,758,10,41304,472
919585452,alex205,810,12,36398,504
919585996,LHC69,0,5,9795,808
919586410,Sinteticoo,0,1,3903,1017
919586903,marcosxasi,821,2,7734,862
919587706,DasCabritas,0,1,50,1848
919588105,gzuz08,475,10,67458,397
919588262,saurondarkside,0,1,197,1689
919589619,elso,187,1,1356,1305
919590161,Dogtired,606,7,17964,666
919590327,Gudang,0,1,1876,1215
919590425,Homer,0,1,89,1808
919590946,Xucrusale,65,36,272548,239
919591054,Belo,0,1,3239,1068
919591073,Verdadinha,0,1,26,1974
919591797,SunshineQueen,124,1,26,1975
919592170,welitawellingtom,221,1,1417,1296
919592497,Sr.Preto,0,1,26,1976
919593295,BLEI,606,1,1168,1337
919593463,skylines,1084,15,48306,447
919594228,bobyzão,0,1,268,1612
919594368,Robstark,0,1,203,1681
919595534,Joao.Vitor.13,0,3,5795,919
919596390,mabe,0,1,164,1731
919597071,Sr. Saimon,0,1,241,1633
919597227,Odyssey,46,125,1024748,75
919598410,ZAKEN,0,2,2122,1194
919598659,Jarede,283,1,515,1490
919598713,ricardo-brasil,0,4,5450,942
919599130,Pimpao01,130,0,0,2148
919599299,Henry O BALA,45,31,174169,286
919599701,Rothmans,450,9,38660,488
919600170,CANALHA,1180,1,587,1465
919602646,papaaldeiasmistastuas,815,2,3400,1059
919603936,beabb,0,0,0,2149
919604121,Dixie,0,2,3066,1088
919604133,kurama-,0,2,1344,1307
919604513,Renato ribeiro,1084,11,55696,433
919604517,Wanderferre,33,1,1380,1300
919604761,BirutaKMKZ,475,1,3934,1015
919604884,Nill-mju,103,4,28699,566
919606077,pscicodeadi,21,148,1381995,35
919607155,Milanisss,0,15,98351,346
919607690,davidlucs,0,3,10332,784
919607720,panene,0,1,891,1386
919608176,GordoFino,0,1,552,1475
919608549,straygust,48,16,172568,289
919609067,Aeris,1136,1,6837,888
919609981,Swaeky Bandim,1129,2,4673,976
919610419,P3K4D0R,0,1,44,1864
919610630,EudesMedeiros,221,1,1667,1249
919612331,BarbaroLeve,387,21,78793,374
919612769,Edutzc,810,14,60419,402
919613067,War10ckMatador,45,9,29381,560
919613340,Oliver Tsubasa,0,1,251,1626
919613715,Pablusc,0,1,646,1449
919614193,pguisolffi,1060,12,46685,458
919614259,Rilas,0,1,1860,1217
919614425,JLbraga,152,1,220,1659
919614665,wancardoso,0,1,351,1561
919614706,Darkdemon1986,0,1,132,1764
919615063,Geógrafo,741,1,2811,1116
919615066,Nobre,65,36,263697,243
919615180,Anderson pqdt,180,2,3172,1079
919615833,xxtoyxx,821,2,6715,893
919616564,Shedder,0,1,26,1977
919617272,ocorvo,0,6,12220,747
919617832,lnj.Lange,1129,3,7794,860
919617895,Athennas,1060,2,1393,1297
919618607,AlexVianna1,64,1,1219,1325
919618642,Dinolima30,0,6,27308,576
919618934,Aldecir,821,9,30691,551
919619250,TheLoyal,0,1,56,1837
919619426,ignaGOD,358,140,1306218,43
919619518,pregoamassado,133,1,1297,1312
919619602,Açai e Sorvetinho,0,3,5496,937
919619640,Messiah,51,4,18460,660
919619983,Professor Snape,142,102,931734,89
919620160,paulofrello,0,0,0,2150
919620196,Thássia,21,45,266074,241
919620388,Caio limaa,418,24,157595,294
919620440,TonetoPro,1270,2,6752,892
919621473,jlfcamacho,0,1,5664,929
919621730,zVnX,45,5,23638,603
919621744,MagusOfTime,45,12,88807,364
919621750,pands,45,7,36514,503
919622278,atilauno,287,195,1913270,13
919622326,Farrapos,617,1,2283,1171
919622363,Luiznando,287,57,199363,272
919622839,DuGrau,1283,3,22094,620
919622949,-Ragnar L,1283,2,11109,771
919623328,n4sus,180,5,22506,616
919623801,mora,127,15,47982,450
919623898,BUFFALOBILL,0,1,1729,1234
919623992,Negoh,221,6,11314,766
919624255,Senhor pink floyd,1148,5,10088,796
919625107,Ryse,45,3,8705,837
919625533,debbie,1134,6,12061,751
919625730,giulianov7,34,4,21107,631
919625787,naddeo,0,1,107,1795
919625990,wagnerlean,0,0,0,2151
919626092,Siilvaoojf1311D,0,7,20439,638
919626433,igor.nkt,0,1,2049,1202
919626835,lucasln07,1020,1,2301,1167
919627455,ZaggiaReturns,418,89,689075,132
919627597,- TiberiusS,1145,1,136,1762
919627644,Riquelme,221,10,38098,494
919627661,jaiiimin,8,0,0,2152
919627837,Tô nem aí pra pontos,0,1,131,1766
919628102,Tatakaee,286,81,770710,119
919628642,FelSP,354,4,25288,589
919628909,Im NOT BATMAN,289,46,384571,201
919628942,Vizzerdrix,0,0,0,2153
919629017,LucasTxr,289,21,151158,300
919630597,PiranhaLu,0,2,8114,848
919631431,El Curandero,286,151,1528272,21
919633488,Pjcf1969,72,1,507,1494
919634522,JhonyCash,1210,1,1009,1372
919634604,Prettzels,0,1,168,1725
919634627,fariaisthepresi,1104,5,12504,740
919634905,Josas,0,1,2981,1099
919636171,aguelera 81,1134,1,494,1500
919636448,Goga,418,21,127223,316
919636903,Eng.Sinval,291,27,155114,297
919636951,OMEGA RED,0,1,327,1578
919637009,juniorpatente1,1140,2,3877,1020
919637041,MeGaNoOoBss,286,121,875180,98
919639575,indiourbano,287,75,660781,138
919640329,martchelo2012,450,12,57563,427
919640436,gomesdigao,0,1,1024,1368
919640455,imperiotop,990,1,263,1620
919640456,peixebeta,990,1,630,1454
919640461,suvaco da cobra,990,1,827,1395
919640468,book pro,990,1,237,1636
919641102,ivan giassi,0,1,810,1402
919641385,shynayder,0,1,26,1978
919641554,Coronel-Bacon,0,5,11987,754
919641594,jaquedeni,1231,4,4160,1003
919641647,FloripaCampeche,0,1,3458,1048
919641692,FX Halls,821,11,39208,486
919641698,alexfars,0,1,216,1664
919641777,blizzard13,0,1,392,1543
919641971,Jeffinhojk,0,1,212,1669
919642801,luiz412,1136,1,1109,1347
919643125,adama,127,12,53095,440
919643166,Mercador da Morte,1181,1,698,1430
919643178,Sarah01,0,1,26,1979
919643378,Gabby13,127,66,534912,170
919643732,Mohamed12,0,1,79,1822
919643824,JÃO DO OITÃO GRANDÃO,172,1,1660,1251
919643831,karlosh3llsing,606,2,3447,1050
919643890,Sr Arthur,34,2,6854,886
919643939,toeuk,0,1,153,1748
919643996,cido,1140,1,1319,1311
919644069,Paulo77,811,3,8898,832
919644435,Kr4user,450,4,29368,558
919644996,Cucaonzi,0,0,0,2154
919645001,Kiebuezi,0,0,0,2155
919645004,Enheraca,0,0,0,2156
919645006,Enirmoin,0,0,0,2157
919645009,Soufeivu,0,0,0,2158
919645011,Peobiada,0,1,334,1572
919645013,Zuhetide,306,0,0,2159
919645014,Xuvuveas,0,0,0,2160
919645017,Peozuipu,0,1,365,1555
919645019,Lubufelu,306,0,0,2161
919645021,Eruszyol,0,0,0,2162
919645023,Toboerza,306,1,845,1390
919645025,Nelaywel,0,1,195,1692
919645026,Maebiuhi,0,0,0,2163
919645027,Pocelios,0,0,0,2164
919645051,Dugeysun,0,0,0,2165
919645332,Suets,142,67,485951,181
919645578,Feokayci,0,1,2446,1150
919645579,Gyomoien,0,0,0,2166
919645581,Vicoufua,0,0,0,2167
919645583,Zeuzevol,0,0,0,2168
919645584,Diryecai,0,0,0,2169
919645585,Fayhoaca,0,0,0,2170
919645586,Waucuplu,0,0,0,2171
919645588,Geyorquo,0,0,0,2172
919645589,Pebyozur,0,0,0,2173
919645590,Curuycuo,0,0,0,2174
919645592,Hoaranuo,0,0,0,2175
919645593,Puoheyis,0,0,0,2176
919645594,Goesseal,0,0,0,2177
919645595,Nugeybes,0,0,0,2178
919645596,Degoxulu,0,0,0,2179
919645597,Goiniell,0,0,0,2180
919645598,Geupoisn,0,0,0,2181
919645804,Jubileu do litoral,286,124,1140088,56
919645893,matheus1308,0,0,0,2182
919645955,Guepuoko,0,0,0,2183
919645956,Fuboedin,0,0,0,2184
919645957,Weatepey,0,0,0,2185
919645958,Giumesur,0,0,0,2186
919645960,Pyepauli,0,0,0,2187
919646091,Feiduisa,0,1,689,1434
919646094,Myewuhea,0,0,0,2188
919646096,Heyvioko,0,0,0,2189
919646097,Osfyoris,0,0,0,2190
919646098,Hopizyus,0,0,0,2191
919646114,Enanloal,0,0,0,2192
919646115,Ligaruci,0,0,0,2193
919646116,Fuliuroi,0,0,0,2194
919646189,Urloxumi,0,1,2191,1187
919646191,Boeunhey,0,1,2458,1149
919646192,Zaibiawa,0,1,2369,1160
919646197,Aldaonci,0,0,0,2195
919646198,Guyrewie,0,0,0,2196
919646199,Donorono,0,0,0,2197
919646200,Hekuowuy,0,0,0,2198
919646201,Muzazien,0,0,0,2199
919646202,Sabautan,0,0,0,2200
919646204,Karafota,0,0,0,2201
919646205,Fuheapuo,0,0,0,2202
919646206,Tozeluor,0,0,0,2203
919646207,Gatevoen,0,0,0,2204
919646208,Fipeinio,0,0,0,2205
919646209,Miviulou,0,0,0,2206
919646210,Ridoisar,0,0,0,2207
919646262,Vatansio,0,0,0,2208
919646263,Espeagon,0,0,0,2209
919646264,Vyusouza,0,0,0,2210
919646265,Seitaire,0,0,0,2211
919646268,Wetaycui,0,0,0,2212
919646270,Tulanuza,0,0,0,2213
919646503,Cb Fabiano,0,1,1521,1271
919646614,KALIN PROKURADO,0,0,0,2214
919646676,kiSami,65,53,307959,228
919647175,Rasgaku,0,1,26,1980
919647298,Senhora DeCobray,64,1,175,1711
919647379,Armadura de Deus,0,1,824,1397
919647620,eldentin,0,1,3021,1096
919648139,AndersonCS,302,27,260236,248
919648407,d3alves,0,1,26,1981
919648414,Neutoxy,0,3,29463,557
919649953,Flavio Almeida,0,11,34319,523
919650646,iKkiRJ,815,3,6846,887
919650671,BruNiNhO1533,291,30,260666,247
919650855,hellboy81,1231,4,9345,840
919651271,l2000999,0,0,0,2215
919651579,MarceloD12,1166,4,9036,827
919651767,Minions,1129,4,8870,834
919651827,-MYTHRANDIR-,0,1,26,1982
919651872,Juan Vianello,142,54,440098,190
919651894,ffdomal,0,0,0,2216
919651895,ffmalvadao,0,0,0,2217
919651897,levino,0,0,0,2218
919651907,lerdzin,0,0,0,2219
919651908,prozindoff,0,0,0,2220
919652118,psytification90,0,1,225,1651
919652286,ushiro,852,7,18936,655
919652654,ticoz,142,107,1097634,66
919652936,Karamela,0,1,5386,943
919652981,Rodrigues666,799,1,4973,960
919653092,Rei KALL,0,1,26,1983
919653145,Kennedycnh,358,58,434389,193
919653183,- POZE DO RODO -,65,21,154593,298
919653408,navalhaafiada,0,0,0,2221
919653409,cortapra18,0,0,0,2222
919653411,pediprasair,0,0,0,2223
919653414,elcegon,0,0,0,2224
919653451,mestredavarzea,0,1,2696,1127
919653639,fellipesousa,1084,14,73456,385
919653721,Fernando Jr,450,27,129379,313
919653930,motonoob,0,1,2469,1148
919653931,padariadosul,0,1,2518,1145
919653932,confeitodoce,0,1,2428,1152
919653934,ppzudoss,0,1,2804,1117
919653936,cartoriocivil,0,1,2347,1164
919653937,casamentomorto,0,1,2265,1173
919653938,cansadodela,0,1,2038,1203
919653985,FRED GRUGUER,0,1,3962,1014
919654343,M4RCU5 V1N1C1U5,1129,4,14711,702
919654369,DeLukaz,120,1,204,1678
919654432,chuvacai,0,0,0,2225
919654434,titan150,0,0,0,2226
919654435,titicai,0,0,0,2227
919654436,brasilhexa,0,0,0,2228
919654437,copachegando,0,0,0,2229
919654438,portugalvaiganhar,0,0,0,2230
919654439,frednao,0,0,0,2231
919654963,logindasorte,0,0,0,2232
919654964,boradespeed,0,0,0,2233
919654965,tribalpage,0,0,0,2234
919655014,Fazedor de CL,0,1,26,1984
919655065,alefmarion,0,0,0,2235
919655123,galocampeao,1325,1,551,1476
919655187,buleev,1166,1,731,1424
919655447,Brabo1910,45,10,34797,518
919655534,italopassagemjua,0,6,12286,744
919655612,MordokTomé,0,1,362,1556
919655635,alemarin2k,0,1,404,1537
919655750,Poderosotz,1314,1,1368,1306
919655816,sniphunter,46,142,1436397,30
919655882,danielves,0,1,26,1985
919655945,Valckiriya,637,1,2796,1120
919656002,IamBackN,1084,8,40846,476
919656083,kwazzy,0,1,26,1986
919656282,Daicara,0,1,1134,1341
919656297,Maxilian Maximus,0,0,0,2236
919656510,soneca.,21,152,1463835,28
919656758,amorim1985,0,6,23360,607
919656805,ESBAGACADO,45,16,97632,349
919657189,LIIPINHOOO,0,1,172,1717
919657271,ItsBlack,0,1,337,1569
919657536,cccgggjjj,404,1,1911,1212
919657583,andreiafilipaasantos97,354,6,24226,599
919657672,Feliciano,0,0,0,2237
919657717,Perroud,127,1,4177,1000
919657738,Rosiwar,0,1,26,1987
919658417,Sarg123,0,0,0,2238
919658611,Dydzinho,48,22,214857,263
919658885,tatugyn,65,85,559604,164
919658958,Gaum ellkabron,231,2,5765,921
919658976,Megu,65,78,576820,157
919659163,cimed,0,0,0,2239
919659165,sanobiol,0,0,0,2240
919659305,-Miles-Arcanu,1323,1,26,1988
919659632,helion,0,1,1505,1277
919659659,kidd norris,0,1,45,1862
919659671,KingRoots4i20,180,6,33618,528
919659676,rodneysk,1084,13,57752,424
919659690,Adogs.W,844,1,114,1791
919659910,pinguim2022,0,4,5790,920
919660004,Castor 02,0,6,35474,510
919660157,drunksohmoits,0,0,0,2241
919660158,pncdoyon,0,0,0,2242
919660159,CARIOCA,1071,0,0,2243
919660174,Lupiona,0,1,3529,1041
919660176,Leycana,0,0,0,2244
919660182,Behoyzi,0,0,0,2245
919660595,SaygonTFI,450,13,54233,436
919660877,Maxsuel,0,3,3157,1082
919661269,Nero1ksh,321,1,1905,1213
919661318,GCoutinho,0,1,229,1647
919661368,*Ripacea,289,76,541596,168
919661484,raseccesar,0,1,1500,1278
919661571,Mezeipor,0,0,0,2246
919661572,Irfiheun,0,0,0,2247
919661598,Caelmoso,0,0,0,2248
919661599,Paivague,0,0,0,2249
919661601,Miopurar,0,0,0,2250
919661606,Luaoswas,0,1,571,1468
919661612,Zuflovar,0,0,0,2251
919661613,Urkoamer,0,0,0,2252
919661614,Vyelocal,0,0,0,2253
919661615,Luinsiur,0,0,0,2254
919661620,Bremezes,0,1,26,1989
919661817,EwertonMaia,1084,13,89128,363
919662149,theuscaoliver,637,6,23419,604
919662294,Edson detona,0,9,24706,594
919662315,Dyumou,0,0,0,2255
919662316,Zieboe,0,0,0,2256
919662317,Dusida,0,0,0,2257
919662318,Houlun,0,0,0,2258
919662425,L7NNON..,0,4,5711,927
919662476,mauthieus2,180,4,14984,698
919662649,Smeaut,0,5,20391,639
919662774,barbado14,0,0,0,2259
919662864,lord leof,1053,3,7837,858
919662917,Bourne ID,949,6,27274,577
919662985,thaila2022,840,1,705,1428
919663176,O antagonista,0,1,234,1643
919663275,Senhor Lord Machado22,905,1,2556,1136
919663294,hugorsimoes,221,0,0,2260
919663422,Matityah,0,0,0,2261
919663466,rei arturo,0,1,791,1408
919663637,trem bala da sul,0,0,0,2262
919663666,QuemBebeuMeuUiskey,734,1,1523,1270
919663744,LordOficial,291,16,92150,358
919663867,Karenrosa,0,1,693,1432
919664228,Bolzan William,606,0,0,2263
919664231,protec,0,1,378,1547
919664318,Quadrupirei,0,1,26,1990
919664491,Marcos js,0,1,169,1724
919664677,Duavalone,1144,1,734,1422
919664697,JovemRyu,0,0,0,2264
919664948,Luamadis,0,1,177,1709
919664949,Xayweawe,0,1,226,1650
919664950,Voebuwur,0,1,116,1785
919664951,Lueiszau,0,1,654,1445
919664956,Cibyoxor,0,1,105,1800
919664960,Fucyozen,0,1,116,1786
919664961,Hopiukou,0,1,116,1787
919664963,Heycouen,0,1,249,1628
919664964,Liongean,0,1,165,1728
919665041,Manga Larga07,0,5,4175,1001
919665065,Nikawil,0,0,0,2265
919665076,Rekivis,0,0,0,2266
919665077,Hoameil,0,0,0,2267
919665079,Pipehui,0,0,0,2268
919665080,Luasoul,0,0,0,2269
919665081,Noturoy,0,0,0,2270
919665178,Maelson 01,151,1,2572,1141
919665278,nTRONSeT,0,0,0,2271
919665279,CriaINGL,0,0,0,2272
919665315,- Caça-Pato,511,1,1506,1276
919665324,Gzdare,48,29,187315,279
919665407,glauberzera1,949,2,8069,849
919665453,gEFURDod,0,0,0,2273
919665456,etrAntHe,0,0,0,2274
919665457,uYuhnErS,0,0,0,2275
919665459,PaterYpS,0,0,0,2276
919665460,amPleNeV,0,0,0,2277
919665463,fROUSaTi,0,0,0,2278
919665468,buReNTEl,0,0,0,2279
919665474,sioNtrin,0,0,0,2280
919665476,ROiNOmPh,0,0,0,2281
919665484,BLEnTABe,0,0,0,2282
919665493,AgErwamB,0,0,0,2283
919665494,aRDhoUTO,0,0,0,2284
919665498,LFREtECt,0,0,0,2285
919665503,RIOPHeNT,0,0,0,2286
919665509,YTerAsHO,0,0,0,2287
919665510,Mageagua,0,0,0,2288
919665513,OPEDIANe,0,0,0,2289
919665514,AtERwerT,0,0,0,2290
919665515,wArDELST,0,0,0,2291
919665517,AlcOvEnt,0,0,0,2292
919665518,TYreHOTH,0,0,0,2293
919665520,nTAbUtor,0,0,0,2294
919665521,AblEMIGr,0,0,0,2295
919665527,STEnZaRb,0,0,0,2296
919665528,gongualf,0,0,0,2297
919665529,INforeGa,0,0,0,2298
919665530,UETIlDBI,0,0,0,2299
919665531,emERVaUs,0,0,0,2300
919665532,RImUsIVe,0,0,0,2301
919665533,eRAnTORM,0,0,0,2302
919665534,SiDEveNF,0,0,0,2303
919665535,hEANIkEy,0,0,0,2304
919665536,ORnaryPt,0,0,0,2305
919665538,kENdlerD,0,0,0,2306
919665540,aGErgHto,0,0,0,2307
919665541,cORtInCo,0,0,0,2308
919665542,ITYReWaT,0,0,0,2309
919665544,PuprouRc,0,0,0,2310
919665545,BurADwer,0,0,0,2311
919665548,GABINveR,0,0,0,2312
919665549,thERithe,0,0,0,2313
919665550,AcHIVerp,0,0,0,2314
919665551,AirEvide,0,0,0,2315
919665553,NaPOlvIT,0,0,0,2316
919665554,sionymAl,0,0,0,2317
919665556,RailTEro,0,0,0,2318
919665558,TiLbleye,0,0,0,2319
919665559,achErehe,0,0,0,2320
919665560,IVAlfORE,0,0,0,2321
919665561,RAvaStYp,0,0,0,2322
919665562,ThmethFU,0,0,0,2323
919665563,oeXCroNA,0,0,0,2324
919665564,hispiELC,0,0,0,2325
919665565,AUxUpERS,0,0,0,2326
919665567,ikESTacU,0,0,0,2327
919665568,eudowEAt,0,0,0,2328
919665569,ShErECKe,0,0,0,2329
919665570,uAReArTH,0,0,0,2330
919665571,egReNoMO,0,0,0,2331
919665572,EnusineL,0,0,0,2332
919665573,ATigMUoR,0,0,0,2333
919665575,rUNkYrih,0,0,0,2334
919665576,LinsheaS,0,0,0,2335
919665577,rgEOuROw,0,0,0,2336
919665578,loNSonAe,0,0,0,2337
919665579,CHeRYANT,0,0,0,2338
919665580,tSMinERi,0,0,0,2339
919665581,MpEtrosT,0,0,0,2340
919665583,CoNaDeBu,0,0,0,2341
919665584,Edroidsm,0,0,0,2342
919665585,ONORNaST,0,0,0,2343
919665586,nismUDGe,0,0,0,2344
919665587,YGDAlTaT,0,0,0,2345
919665588,TcoWdRiT,0,0,0,2346
919665590,deBUgAnD,0,0,0,2347
919665591,OiltoPEt,0,0,0,2348
919665593,NEgrALpA,0,0,0,2349
919665594,EaTiTreb,0,0,0,2350
919665597,itiOdesh,0,0,0,2351
919665599,vinicius12528,354,2,7624,866
919665634,Pinscher,0,1,61,1833
919665661,luan2210,0,10,38180,493
919665692,Fingers1000,221,0,0,2352
919665732,Scott Kennedy,0,1,3856,1021
919665760,SERGIO12345,1084,7,15302,696
919666211,CoffeecomMilk,142,94,962842,83
919666436,prometteus,0,1,48,1854
919666456,Eduardo Guerreiro,0,1,26,1991
919666474,SOLARIS,0,1,988,1375
919666566,CORDEIROASSIS,0,1,647,1448
919666585,Sra.Amptala,964,1,1123,1344
919666634,THOM22,637,2,6146,909
919666650,grocha,370,1,1819,1222
919666686,brunoteles,48,19,55727,432
919666691,emseverton,0,0,0,2353
919666865,Gabriel1905,0,2,1674,1245
919666893,hljunior,354,11,60958,414
919666929,Kuper,0,2,20000,645
919667058,Sabote,0,4,11966,753
919667249,lucas1,0,1,278,1606
919667284,MaiaHaliata,221,1,3139,1083
919667371,vione99,1027,1,170,1721
919667478,e pluribus unum,0,1,26,1992
919667514,Yiruca,287,120,1127020,61
919667527,evanir.junior,0,3,15581,690
919667556,King Lion,1266,6,26398,580
919667580,carlinha,0,1,26,1993
919667736,DeathAngel92,0,1,416,1534
919667899,Estevaogrill,280,1,4118,1006
919668129,Novo,48,47,174328,287
919668520,HeyOwLetsGo,0,0,0,2354
919668638,capitao2319,427,2,4958,962
919668652,FORÇA JOVEM DO VASCO,221,4,17764,669
919668659,ZANGADO012,0,12,62570,407
919668671,Covds,0,1,535,1481
919668752,LaVamosNoixs,0,0,0,2355
919668772,Boleta94,0,0,0,2356
919668798,Srº OGAIT,475,1,194,1693
919668824,Watakhan,1084,6,34593,520
919668837,STARKCRAZY,65,46,352946,214
919668884,SgtForseti,821,10,29984,553
919668932,GUINHO 40,0,1,102,1801
919668977,Cabaludo,302,138,1328099,41
919669006,Robinxhodx,0,2,9252,818
919669013,Listone,734,7,34474,522
919669052,jethermg,1054,2,5354,945
919669070,leeovp5344,302,115,939408,87
919669295,sylvico,0,1,5090,953
919669325,Eredrinn I,0,4,7095,879
919669330,ChoramAsRosas,0,0,0,2357
919669360,Chita,821,10,59727,416
919669371,Saggathy,72,1,863,1388
919669566,Norad,658,1,2158,1192
919669688,grullack,34,1,3551,1039
919669756,Eder 67,0,1,3437,1054
919669783,Fúria,949,38,235508,256
919669905,Zé da Silva,215,0,0,2358
919669935,Azov,0,1,304,1591
919669939,Syllas Barros,238,1,3333,1064
919669977,Senhor ARCANJOS,0,1,1626,1254
919670080,marcioleandro2008,0,2,5606,934
919670128,Jucemar,30,1,149,1752
919670148,Alonzzin,51,2,4960,961
919670177,number666,1129,9,21603,626
919670362,sardse21,450,3,8899,831
919670400,Lord KY,302,32,266173,240
919670415,Drake,0,20,40772,477
919670441,Lucas-hfs,0,1,498,1498
919670576,Milton Mecânico,1219,1,3399,1060
919670581,malvado favorito,734,1,1255,1320
919670702,LaVemEla,0,0,0,2359
919670815,jacare azul,990,1,520,1486
919670822,Máskara,1071,0,0,2360
919670856,*Lua*,450,2,4307,991
919670880,Vip75,0,0,0,2361
919670955,mestre Junior 2,734,5,17825,667
919670992,p4st0r,0,1,26,1994
919671046,TRABUCO765,0,1,2946,1104
919671136,Senhor Frankly,0,0,0,2362
919671137,Rosangela,1219,1,5046,956
919671215,Kleber1010,0,0,0,2363
919671263,weslleyrodrigo15,949,14,43500,466
919671430,Lord Monstro,0,1,115,1789
919671478,Fenixt,146,9,14857,700
919671479,RuivaBraba,0,0,0,2364
919671480,MorenaCoracao,0,0,0,2365
919671487,Derek..ata,97,14,128843,314
919671539,billwill2,0,0,0,2366
919671542,Rei Lucas supremo,1048,1,979,1376
919671563,Márcianita,1060,5,20311,640
919671742,JANJAO,0,1,418,1538
919671768,linelipe25,758,5,24042,601
919671776,number667,0,1,389,1544
919671858,Lord das sombras,0,5,31724,539
919671892,number668,1129,3,6586,896
919671895,FLipper27,0,1,117,1783
919671958,BROW2022,0,0,0,2367
919671987,DevoradorDeAlmas,46,254,2476105,4
919671989,- Pop.Art,0,1,26,1995
919672037,SABATHKONDON,726,2,2540,1140
919672160,Petzold,821,1,2781,1125
919672241,CHU--FENG,606,1,733,1423
919672262,Levy26,0,1,948,1382
919672311,Rangel S Lima,0,0,0,2368
919672322,nrsfsa,354,5,24562,595
919672327,EL PICON,45,10,34473,521
919672332,reinel,0,1,309,1588
919672340,TopaComUrtiga?,0,1,26,1996
919672378,FuinhaOff,821,7,10230,788
919672382,SHINYGAMY,0,2,1758,1231
919672432,geometric,0,1,264,1618
919672488,SirPortuga,302,87,859109,101
919672527,gabriel34740,1148,1,173,1715
919672599,Reii10,0,1,158,1738
919672606,Mary Read,1091,10,47198,454
919672609,Wagnerios90,450,7,20581,637
919672620,Baby girl,127,48,364581,212
919672630,furiouson,0,1,26,1997
919672653,DarkGO0,1054,5,39543,483
919672683,Clemente,1134,3,8549,842
919672687,Djalma1980,949,3,8036,850
919672694,Pedro.Sampas,40,3,1384,1298
919672712,Rbn-Pere,1325,1,2143,1196
919672784,Latrell,1071,0,0,2369
919672807,Magnata66,450,4,7701,864
919672840,kirihata90,358,15,108848,334
919672880,Esmegma,0,1,244,1631
919672893,Sr Leandro,0,1,26,1998
919672929,Northonfh,637,6,21492,627
919672933,TITANIUM,426,1,26,1999
919672990,ivanio,949,12,59511,418
919673011,krekg2c,51,1,7863,857
919673030,matheusdmsp,1071,0,0,2370
919673087,DonLukas,0,2,994,1374
919673143,gabriweed,0,1,26,2000
919673186,dragon1212,1129,10,33808,526
919673198,vazdark,48,30,197052,273
919673203,getsuryu,0,2,9628,810
919673208,Vinsmoke D Sanji,358,161,1422245,31
919673252,Convidado673252,0,1,1232,1324
919673261,xanditl,0,1,43,1866
919673293,PorcoAranha777,0,6,11389,764
919673311,Silenc,1259,3,14537,706
919673315,claudiosionn,0,1,185,1702
919673340,Douglas Ferreira Azevedo,418,33,72625,387
919673341,Sr.Douve,1315,9,19101,653
919673344,Convidado673344,0,7,22191,619
919673372,vigia007,151,0,0,2371
919673389,novaimagem,0,8,33331,533
919673449,Asubrak,0,1,26,2001
919673507,Convidado673507,1246,1,3160,1081
919673533,King Pikachu,0,1,2764,1126
919673543,Marchant,1136,1,5465,938
919673606,- Monkey D. Luffy,637,1,1711,1238
919673609,xCHARADAx,1166,1,2949,1102
919673610,praedator,358,112,1115170,63
919673668,renlinux,0,2,3187,1076
919673670,Dr. Aragão,0,1,914,1385
919673674,caiofxavier,1134,7,28651,570
919673710,BETA BOY,0,1,2070,1200
919673734,Makel,0,1,3263,1066
919673737,senhoredaguerra,1080,1,1486,1280
919673768,dannypizzo,887,1,654,1446
919673779,skulthunder,358,28,181238,281
919673790,Flenik,486,0,0,2372
919673804,m0NESY,21,86,784579,117
919673807,jdofss,1084,22,137730,307
919673819,Ericeira,0,1,306,1590
919673829,gsantana999,450,3,12355,742
919673843,filipe1990,475,3,9266,817
919673850,xXBjorn IronsideXx,0,1,172,1718
919673854,R.R 1993,1140,1,2436,1151
919673890,Darwin17,1104,3,5651,930
919673893,.Mozzie,306,0,0,2373
919673908,MarceloHadad,1071,0,0,2374
919673916,patrickcosta,0,0,0,2375
919673928,Natali Toldo,851,5,13692,717
919673943,Prince Dark Angel,50,1,118,1779
919673944,FabioFS99,97,44,281483,236
919673984,periferia,1277,1,2063,1201
919674003,Sr.hasten,1134,5,7445,872
919674036,petruuquinha,0,1,4097,1008
919674097,xCSRx,0,0,0,2376
919674099,Aldeia Paiva,0,4,13177,726
919674128,diplomata999,1210,3,9036,825
919674158,prii,1277,10,39348,487
919674168,Rick22ph,1104,1,1535,1268
919674247,Wolfzzin,358,68,663587,137
919674331,cdmzer0,142,56,429551,194
919674340,Hazzard,1269,1,124,1775
919674365,KDSB,1134,1,1083,1355
919674366,martisinister,302,83,657976,140
919674367,ReiToti,65,100,990846,80
919674437,Teroe,1084,7,29580,556
919674462,HernaneBrocador,0,1,26,2002
919674529,lamcellot18,450,1,339,1568
919674539,MadaFaka,0,1,82,1819
919674544,triumph001,1291,11,48439,449
919674566,Mateus.Ritter,1129,7,33958,524
919674620,Roy Miamoto,0,0,0,2377
919674674,survive096,0,0,0,2378
919674691,Dudek,0,1,510,1491
919674703,RuanYasser,51,1,3794,1027
919674731,drymartinijr,949,5,20293,641
919674770,XxWooDyxX,0,1,1199,1330
919674805,FNCRF,291,11,84458,366
919674837,TheLenhador,0,1,1854,1220
919674856,Uhltred,302,20,136336,309
919674865,nRated,1210,6,17171,674
919674869,BartSimpsons,0,1,596,1461
919674892,beta force,905,1,329,1575
919674922,Selva45,949,6,23744,602
919674965,Kyngg1212,726,2,5803,918
919674967,Jean Rodrigo,1071,0,0,2379
919674984,Ricard0Fes2022,0,1,432,1523
919675000,Greice Pessanha,617,1,1512,1273
919675001,Mauricio Oliveira,1231,0,0,2380
919675022,KingGarc,354,6,17771,670
919675038,AndreJr,0,0,0,2381
919675039,dumichel,1185,0,0,2382
919675047,Hidroconda,354,3,15475,692
919675056,Diocrecio,418,25,178895,284
919675075,minervadeanu,221,1,6395,902
919675098,Lord Godandi,0,1,3057,1090
919675099,juniorm022,291,23,219049,262
919675108,Suderio,302,131,1004746,78
919675121,picoledechuchu,0,0,0,2383
919675129,LUCAS-SOARES,0,2,3531,1040
919675133,Elizabeth.Keen,0,1,787,1410
919675138,Tom.Keen,0,1,588,1464
919675140,DonaldRessler,0,1,598,1460
919675151,Atropelanduu,0,1,26,2003
919675155,donnie darko,0,1,26,2004
919675166,asdgf,0,1,26,2005
919675172,MephizTo,291,37,325977,221
919675180,vtbrabo,1252,9,36340,506
919675185,juanoliveira,0,5,10208,790
919675202,El Cid o campeador,0,5,12799,736
919675219,Shãnks,1071,0,0,2384
919675220,Slever,0,8,26362,581
919675240,Trident97,0,1,191,1696
919675282,John Roma,187,0,0,2385
919675284,Urubici,180,6,31950,537
919675359,EverGrego,726,0,0,2386
919675365,diukan,442,0,0,2387
919675367,Rapozao,0,0,0,2388
919675371,Jackpareja,0,1,490,1507
919675375,Coringa Matador,0,1,26,2006
919675415,Taloam,1129,1,3016,1107
919675416,fobiagt,354,8,40368,479
919675419,GMCPL,1129,3,7477,870
919675420,UnCriative,387,7,17775,668
919675423,wandre88,821,2,9395,816
919675429,BrXD27,726,1,3667,1032
919675435,alcides autorizado1,450,1,435,1526
919675453,Brunoaf1337,0,0,0,2389
919675474,Duarte6,949,17,139106,306
919675484,eibowgc,933,8,27964,573
919675488,tche.123,851,9,32215,535
919675492,Kakashi Hatake,142,144,1323186,42
919675509,- SK Ltda,142,60,588552,156
919675526,Emanuel CF,1084,13,63859,405
919675527,weslleyr22,45,9,30025,552
919675528,Amilton,0,1,438,1521
919675529,Kal-SJC,0,2,9056,823
919675582,nprh,1053,1,3446,1046
919675585,Manasses,1134,1,3043,1091
919675620,John F Wesley,1060,7,38095,495
919675621,claudio1371,1166,1,619,1456
919675632,felipegregorio,1060,5,15528,691
919675637,CarroçaDoKleber,933,7,31557,542
919675641,conquistadordereinos,475,2,4351,989
919675657,BITENCOURT,0,1,6480,899
919675673,Maciel Zanette,851,1,749,1419
919675678,Knup,949,13,61568,411
919675679,pedrinho2e2,0,0,0,2390
919675681,Limiroo,475,7,25965,583
919675692,NestorCirino,0,1,26,2007
919675710,ChicãoAMC,180,9,33697,525
919675734,DIOHAMMAD,216,8,20205,642
919675743,MONTEIRO1,821,11,47505,452
919675745,Shirley,0,1,71,1827
919675753,Rainha Greyce,726,1,1257,1318
919675784,Detaxz,0,1,86,1812
919675790,Dilow,1140,2,3404,1061
919675810,FAUL,1181,2,4807,967
919675812,Greyce cf,0,1,1140,1340
919675835,Raffafael,821,34,190413,275
919675837,Luiziel,821,22,132816,311
919675854,Almeida2011,0,1,281,1603
919675860,Lipetrevas,821,7,33486,532
919675862,Paintoon,617,0,0,2391
919675863,rovecchia,1291,1,3818,1024
919675867,ghostrider,0,0,0,2392
919675869,Sobrinho1993,864,1,810,1403
919675870,=SPAWN--GBS=,0,3,4724,974
919675897,Leo Lemos,0,1,3401,1057
919675934,carecabao,0,2,616,1457
919675942,spirlandeli,734,5,15458,693
919675958,Jarbas Roberto,0,1,1590,1257
919675971,JesusDark,0,0,0,2393
919675991,dinha21,1148,2,9893,802
919676004,miguel0107,1060,2,6114,910
919676013,Raguinar,127,5,5591,935
919676041,Thayson FOrza,0,1,531,1483
919676052,Bruce Wars,475,3,14805,701
919676054,Micha2,0,1,26,2008
919676068,Convidado676068,1136,1,3043,1092
919676070,Sir Black Death,127,10,39321,485
919676071,LUCAZIN,48,16,92033,359
919676077,JumaEJove,0,0,0,2394
919676089,Genghis Khan,0,1,253,1624
919676090,curirin,238,5,19493,649
919676100,.TheWarrior.,949,20,121126,320
919676105,Paulosergio1970,0,5,24966,592
919676116,Guiber89,1134,11,60406,415
919676117,isaacvalente,1134,10,48018,448
919676119,Rei whiplash,0,1,47,1857
919676122,as.renan,0,1,535,1482
919676130,highlander,0,1,47,1858
919676135,d.pereira,0,1,3218,1071
919676142,notoryu,0,1,48,1855
919676144,fallen,0,1,47,1859
919676146,gabrielhcb,0,2,2486,1146
919676179,kidmetralha22,1148,5,26867,578
919676193,Scarpati007,0,0,0,2395
919676213,Knolex,1060,3,10770,777
919676278,Drumjc,1084,12,53218,439
919676279,Haulldlania,0,1,1272,1316
919676311,mestre27,1252,3,10947,774
919676346,macabros10,0,1,165,1729
919676353,Rocky,1060,3,9744,807
919676361,laila,0,1,5144,950
919676407,givens0raylan,1148,1,487,1501
919676409,Batatinhas,734,2,5619,933
919676420,Richard,1309,1,841,1391
919676426,gabrieellm,821,16,57858,423
919676443,SilWell,0,0,0,2396
919676451,LordPuto,606,1,26,2009
919676453,Zonario Sousa,354,5,37186,501
919676459,NDrama,0,1,52,1845
919676486,SATALLI,0,2,3172,1080
919676489,SrPadova,45,18,54666,434
919676495,Moiseis,45,17,37945,497
919676504,BrunaTam,238,1,4670,977
919676512,DuuttyBR,0,1,1806,1224
919676517,Provoketyy,1129,8,37029,502
919676520,Cleciano,1104,4,3445,1052
919676526,LcsMorais,821,4,6792,891
919676530,Necrops,0,4,7578,868
919676546,Al-capone062,475,5,13442,719
919676552,Rei Matador,1136,4,4104,1007
919676561,lucastb18,475,5,12246,746
919676562,Hannibal448,949,14,77563,376
919676575,leo1995,475,2,5646,931
919676617,fabingabriel,1060,0,0,2397
919676625,José brito,1104,1,2302,1177
919676631,EduPadovani10,354,5,25749,585
919676639,tomarock90,1084,11,42236,469
919676667,Filipe Santos,1210,1,1081,1361
919676690,Sir Heavy Metal,0,2,4776,969
919676691,Lord Godfrey,1134,3,16392,683
919676695,BricolaRafael,1071,0,0,2398
919676717,Senhor Xebec,354,1,4641,979
919676721,GuiihRomao,120,2,5979,915
919676723,ReborNJR,0,0,0,2399
919676727,Convidado676727,606,1,705,1429
919676731,Fernandonetoadm,726,3,5364,944
919676736,ferrone121,0,4,8023,852
919676760,SrOgum,306,0,0,2400
919676767,Xuletinha,949,14,53213,438
919676768,himortep,0,4,12280,745
919676774,Terra Branca,1140,0,0,2401
919676801,tribobariloche,287,14,107553,336
919676808,dudurubu,1222,1,26,2010
919676824,juniortalhari,1148,2,4325,990
919676831,Mikafamoes,606,1,551,1477
919676851,MicketenMachado,0,1,1041,1363
919676868,ebersonxs,821,11,38448,491
919676870,laricao,0,1,26,2011
919676880,Hzinho,1231,0,0,2402
919676906,Mofu,0,1,1120,1346
919676909,hotgrego,1134,1,3493,1043
919676915,Bryan JS,821,5,12795,734
919676932,loiropivete,0,0,0,2403
919676933,Ronan dos Santos,1140,1,3191,1075
919676942,WBreguerolli,1140,1,4978,959
919676943,eleven,0,0,0,2404
919676960,Luís10,0,1,26,2012
919676982,victor.malaquias,1169,7,14080,712
919676983,Nauthilex,0,1,807,1404
919676984,Luis Garcia,0,1,358,1558
919676994,zero um,1071,0,0,2405
919677003,Pau timido,0,1,146,1755
919677010,Amanda Chitero,1060,6,20765,635
919677015,King Henricky,1136,5,12794,735
919677041,JackieChann1,1252,9,33561,530
919677050,viajante3468,0,2,10764,778
919677068,zubrunomafu,0,2,3554,1038
919677070,maicon kafe,0,1,221,1657
919677083,curruja,821,17,43510,465
919677087,ViniciusDA,354,10,77684,375
919677091,Ribamar Empalador,354,9,47219,455
919677098,zinkbr,0,1,49,1851
919677103,OMEGAREXX,0,1,26,2013
919677106,squantom,120,1,1649,1253
919677128,marshalgreen,1000,1,252,1625
919677150,BettegoD,368,4,8048,851
919677151,robertowick,0,1,1442,1289
919677180,Nemo lacessit,0,1,26,2014
919677182,sclive,0,2,4241,996
919677189,ZéCaBunda,1252,3,5928,916
919677193,Roeder07,606,1,1992,1209
919677206,Griffin IV,0,1,3621,1035
919677226,McLennan,475,3,10893,775
919677237,Wrick,1104,1,5722,926
919677240,King Henricky lll,1136,2,6256,906
919677246,Di Gesu,1252,8,37967,498
919677257,M4NDR4K3-BR,1136,3,18891,658
919677262,Convidado677262,0,1,3883,1019
919677264,NEXX,1104,4,8903,830
919677276,Yamesh,1252,7,31087,544
919677281,Piltover Enforcer,0,1,236,1638
919677287,LuketZ,221,1,3454,1049
919677296,B3icin,34,1,3688,1029
919677304,Mts006,1252,6,31062,545
919677306,manda chuva,34,1,267,1613
919677307,Albion,1129,3,12013,752
919677320,Jacksonjj,606,1,254,1623
919677325,martinsgw,0,1,3423,1055
919677344,wrso,0,1,1436,1286
919677358,Jadson Souza,1317,3,11240,769
919677362,bruneka,606,1,487,1502
919677365,CapaoAzul,127,5,21861,622
919677366,tutuca007,0,1,106,1798
919677377,Dgzinph10,1252,5,16982,676
919677381,PEDR1NH0.MULSK,354,8,44255,461
919677383,Thunder77,1169,1,563,1470
919677386,SgtShultz,0,1,1768,1229
919677389,kobraskan,0,1,1058,1359
919677399,Omni,0,1,1514,1272
919677417,Tosmoke,1256,0,0,2406
919677423,BIPE CUBO,1146,4,13184,725
919677430,Bitelo,1104,5,14452,709
919677434,Joaopedro0,1146,1,4174,1002
919677436,Judsonlopes,1129,8,39427,484
919677453,card4n,1129,7,41056,473
919677454,jose broch,734,8,80970,370
919677458,ROOOB,1169,1,1374,1302
919677465,uruca1313,0,4,11227,770
919677489,pablosantos0709,1148,5,19019,654
919677496,Costa Silluzio,216,2,11076,772
919677501,xgames,1129,7,35103,514
919677507,devson10,606,4,12940,731
919677527,fernandonetoadm1,0,6,10175,793
919677534,carterloc,1134,5,35053,516
919677542,plastikao,0,2,5307,946
919677545,guhvicent,0,1,4422,984
919677546,PapaSmith,0,0,0,2407
919677555,João Pedro,1129,3,7934,856
919677601,vialco,354,6,13128,727
919677608,Convidado677608,852,3,6376,903
919677620,Lagarto,354,4,16617,679
919677623,FabioGnobre,1140,1,836,1394
919677637,Mary,0,1,507,1495
919677647,Erickns,1177,0,0,2408
919677648,Baptiste,1177,1,2216,1182
919677649,Rei Jordasche,1177,1,419,1529
919677662,paulotozo,0,2,2595,1133
919677666,walisson,1134,1,2165,1190
919677693,SUNFUN,0,1,53,1844
919677697,sm0kernx,811,3,12864,732
919677849,sandro fms,187,1,372,1552
919677903,thekingr,0,1,26,2015
919678012,gbomfim,1252,3,5640,932
919678067,Solyder,606,1,198,1686
919678125,Mr.Carnegely,0,0,0,2409
919678156,M44th43,1134,1,3359,1062
919678207,Ederev,0,0,0,2410
919678212,Jetelinalord,1210,1,3211,1073
919678329,bpd2,1104,1,420,1527
919678348,Zóio de gato,1252,2,6543,897
919678538,Cansado360,0,1,1626,1255
919678628,Lugano,1252,4,10189,794
919678641,CiRock,0,1,425,1525
919678675,666capeta,0,1,55,1839
919678701,David arrais,0,1,126,1771
919678726,TheKing,0,1,116,1788
919678749,Rodighero,0,0,0,2411
919678754,teaser,221,3,6009,914
919678764,Rikkaa,0,1,1039,1364
919678780,allysonce,1252,6,23154,608
919678839,Biteco,0,1,2799,1118
919678849,prochock,1060,1,3087,1085
919678897,TOBRUK,0,1,212,1670
919678907,davipq,1134,1,708,1427
919678941,AndersonGF,1252,3,13086,728
919678953,Akylles2022,1252,5,29219,561
919679037,Conquistador1,221,2,6864,885
919679053,vtxxx,0,4,14938,699
919679065,LukerPnz,1129,1,3687,1030
919679133,Capricornio,1210,1,5437,940
919679186,Branco Itaumas,1314,1,298,1593
919679250,allanvictor14,1231,1,1038,1365
919679263,lobo111,637,2,11785,757
919679303,Leechh,0,1,2401,1155
919679344,RaphaelFC,0,1,4141,1005
919679399,manfredini,617,1,959,1378
919679513,jaoplima,0,1,1509,1275
919679535,L.D.,0,1,36,1871
919679598,icsembeats,0,1,2210,1183
919679611,graneli3010,0,1,184,1703
919679656,maiadan,617,1,558,1474
919679683,* Klose *,0,1,26,2016
919679690,hectorboagh1,187,1,815,1400
919679740,Power Ranger,0,1,1912,1211
919679806,maratonista,0,1,68,1830
919679810,cardosoimperios,0,1,71,1828
919679865,cabelo-cv,617,1,385,1545
919679869,Cat796,0,1,1673,1247
919679870,aphelion,0,1,47,1860
919679871,blitzwolf1,0,1,59,1834
919679882,rider man,0,1,153,1749
919679912,Xand Galvão,1104,1,379,1546
919679914,Malacai,0,1,184,1704
919679942,Zezondaguemiakov,617,1,1089,1354
919680008,RogêBala,1252,3,7218,876
919680030,JLenzi,0,0,0,2412
919680037,Majuh21,0,0,0,2413
919680063,King Henricky lV,0,1,328,1576
919680083,neto gama,0,1,40,1867
919680119,Shippuden,0,1,2770,1122
919680146,VAGA-BUNDO,1331,1,162,1739
919680158,lord werneck,0,1,559,1473
919680186,krad22,1314,1,1061,1357
919680212,guryxl7,734,1,1123,1345
919680252,Rei Asaffe,0,1,84,1816
919680259,Izaxl8,734,1,689,1435
919680376,ColoniasAG,1252,1,2722,1124
919680377,MIGUELCM100,821,1,1562,1261
919680428,Ruler,475,1,5176,949
919680448,Estrela22,1104,1,212,1671
919680548,rafael gaioto,0,1,80,1821
919680628,fran86,0,1,377,1548
919680739,Dominik,0,1,159,1737
919680755,bpd22,0,1,26,2017
919680759,Rei ELisson,0,1,26,2018
919680805,Lucarone,0,1,175,1712
919680888,nilor7,1020,1,283,1601
919680917,argserafim,0,1,1046,1367
919680919,GladiaThor97,0,1,361,1557
919680969,Superpoma,0,1,26,2019
919681025,bruno.0,0,1,131,1767
919681028,xjackpootx,606,1,2038,1204
919681070,TiTiHELL,0,1,179,1707
919681123,Velhoteter,0,1,51,1847
919681133,kasinskis,0,1,928,1384
919681166,Rainha Maxi,0,1,160,1734
919681169,Merciless,0,1,344,1566
919681189,joaoedsf,1310,1,3236,1069
919681213,Sucata,1166,1,763,1415
919681240,kairiam19,0,1,32,1877
919681245,Iris Eloiza,0,1,26,2020
919681256,Marcinhotroll,0,1,26,2021
919681267,FOOX31,450,1,2062,1206
919681285,Kranio Quebrado,0,1,26,2022
919681338,enzo11,1310,1,1097,1350
919681339,ThayUvU2022,1310,1,719,1425
919681380,IrisEloiza,1310,1,672,1442
919681413,Major Zod,0,1,92,1807
919681453,Robson DT,0,1,341,1567
919681478,MBLivre,0,1,67,1831
919681497,mid157,0,1,399,1541
919681548,andersondezordi,0,1,78,1823
919681596,tik tak,0,1,248,1629
919681609,lokister,0,1,26,2023
919681613,maikezebele,0,1,48,1856
919681615,mariamarule,0,1,44,1865
919681645,SawyerLafleur,0,1,52,1846
919681669,Odagrom,0,1,284,1600
919681678,mihermano,0,1,107,1796
919681688,rpwk111,0,1,215,1665
919681704,konami158,0,1,54,1841
919681712,Jessica oliveira,0,1,96,1804
919681722,Mithvell,0,1,26,2024
919681730,urakiin,1134,1,1381,1299
919681734,saturnonaehl,0,1,26,2025
919681736,Paranhos,0,1,191,1697
919681740,DIOHAMMAS,0,1,26,2026
919681776,PowerChef,1134,1,693,1433
919681808,jose a,0,1,224,1652
919681812,Salcita1,0,1,26,2027
919681842,Arnobio sousa d Oliveira,0,1,86,1813
919681856,Shit nenhuma,0,1,32,1878
919681871,Raphael1507,0,1,189,1700
919681887,FranPX,0,1,26,2028
919681896,jgalrito15,0,1,197,1690
919681904,Gabr1math,0,1,289,1602
919681907,mateusmudeus,0,1,34,1872
919681971,Rafael10skate,1104,1,85,1814
919681980,cabalete,0,1,72,1826
919681990,Emerson97E,0,1,26,2029
919682070,ArthurVNP,0,1,54,1842
919682120,Atleticano Fanático,0,1,118,1780
919682125,Acyrrr,1134,1,108,1794
919682157,MKW341 GAMER,0,1,96,1805
919682165,corvinota,0,1,216,1673
