34,1674,340426
876,2851,22781
1454,9924,4618
1868,14314,1416
1146,58031,10803
874,60448,22975
781,67540,29640
1103,82220,12411
1366,87870,5918
1218,99118,8809
2479,99535,150
2194,113569,489
2045,114718,805
890,117337,21763
187,134698,155161
1736,162884,2165
2200,184850,480
1960,217335,1030
1751,223966,2074
16,230211,436603
1176,233122,9761
556,244587,53953
13,250302,459169
762,278273,30779
492,278946,62403
565,281365,52995
892,283735,21448
2219,284305,445
171,285984,166027
1898,305017,1290
1567,306976,3288
1092,321940,13011
862,329666,23871
285,330836,118489
2760,351946,4
2427,360528,198
82,407402,239919
772,425772,30073
1361,431402,5995
189,434730,154987
2735,455314,9
591,471928,49351
1997,475208,924
965,479593,17221
1204,481127,8983
2309,487690,308
2580,494288,85
1827,507531,1634
1209,509100,8927
382,521059,84610
2657,531505,36
1831,560114,1625
888,576350,21928
839,603377,25307
869,632152,23342
2314,644784,305
1805,649335,1742
622,677733,44543
490,678429,62424
1446,681429,4706
901,687472,20527
709,707989,34925
551,715409,54670
2380,718135,235
1043,720432,14378
2419,739140,205
1518,741039,3801
947,745517,17854
1178,754579,9590
2767,767476,3
2313,783818,306
634,787499,43082
2616,793190,56
2543,801208,98
259,801236,129582
1515,808910,3824
242,829805,133529
2606,843623,60
27,844828,367890
1185,846256,9430
2769,847794,1
1426,860712,4932
987,875767,16432
1703,876445,2340
1430,882635,4861
2732,890208,9
2622,919212,51
467,921611,67777
880,921727,22652
1058,928814,13908
283,930076,119111
29,932546,364303
1276,937429,7406
689,946119,37167
2159,953333,545
1545,976772,3525
1542,976826,3535
818,984642,27128
544,985327,55450
5,989168,616509
1717,1002313,2257
1984,1012703,950
1871,1039276,1400
1625,1087192,2925
686,1111807,37555
2421,1118419,202
995,1121324,15955
2404,1122447,217
2482,1127691,142
1652,1132052,2653
2405,1136057,216
2002,1143322,923
383,1148209,84411
1663,1152407,2581
2724,1171347,10
723,1193860,33811
1551,1194782,3440
2493,1197704,134
718,1210050,34677
2660,1218856,34
1359,1237443,6057
1113,1248354,12088
1688,1252153,2442
793,1253176,28666
1115,1253460,12002
2371,1254038,249
2347,1268219,269
2480,1277975,147
1475,1278225,4280
1017,1281265,15272
1801,1293347,1760
801,1301489,28369
1153,1312627,10469
116,1340067,205692
1206,1342751,8975
409,1349815,77690
160,1352700,171396
2686,1355462,24
1878,1368669,1378
237,1372733,134933
1012,1391043,15394
727,1402925,33250
541,1413055,56014
814,1433271,27471
2706,1449080,16
1219,1474592,8796
99,1481313,218489
1199,1492500,9101
415,1501202,76792
823,1506532,26887
813,1513889,27500
2750,1517191,4
1516,1524197,3806
55,1528181,297625
1394,1540375,5416
1873,1574557,1395
1950,1582489,1091
2036,1585618,838
2018,1600946,885
2603,1611882,62
216,1617886,141101
2274,1629992,370
2411,1635381,211
1877,1638639,1382
1329,1639551,6569
2676,1643892,28
108,1657009,212701
2317,1667189,300
2738,1693305,8
356,1698438,92453
75,1703327,253845
321,1706204,101651
1888,1730767,1341
2025,1753709,867
1905,1771427,1250
1565,1774549,3293
1188,1787763,9370
342,1789914,95241
114,1818317,207307
501,1823195,61122
1021,1825434,15155
2131,1827355,599
168,1857633,167157
2506,1870462,126
1108,1886612,12234
473,1889796,66766
1506,1897128,3922
365,1897555,89975
1432,1909573,4846
1656,1911214,2623
2629,1916056,48
1130,1919009,11318
2474,1920830,154
877,1922760,22762
782,1933905,29534
366,1943174,89643
110,1960243,211179
1909,1962125,1241
959,1962226,17303
2675,1962883,28
724,1971446,33771
653,1988640,40171
2171,1998535,513
1037,2013236,14523
2306,2058770,317
311,2097499,105369
350,2098199,93307
2184,2102596,497
2710,2103983,15
452,2112120,70193
2286,2115578,356
1999,2124887,924
1718,2136580,2257
1117,2142758,11898
2565,2157141,90
2073,2158799,735
256,2177418,129895
299,2195832,111937
1657,2199935,2617
900,2200087,20553
1072,2210685,13524
1841,2212330,1579
2476,2212929,154
146,2215063,181057
1167,2217516,9981
215,2237844,142104
1047,2242830,14272
1116,2249171,11989
2391,2266720,227
840,2279925,25208
2566,2292693,90
1880,2299062,1369
2764,2305899,4
891,2310646,21663
2281,2311071,359
351,2316170,92851
2004,2323298,916
2101,2326665,665
1566,2329446,3291
752,2331988,31490
1700,2334296,2356
1080,2344147,13302
2354,2350754,264
1523,2359354,3739
2193,2366496,489
207,2373250,145916
1623,2378419,2941
1860,2379513,1459
294,2383083,114601
733,2384823,32734
2174,2384837,507
1403,2385377,5239
2417,2389305,206
432,2390414,73747
2557,2396773,94
651,2397911,40474
1363,2401453,5969
1125,2402436,11586
552,2425222,54637
1560,2436856,3312
863,2445106,23803
720,2445468,34089
2524,2452761,111
1908,2457333,1242
132,2458509,191380
982,2460127,16632
2118,2460335,626
1810,2460343,1730
90,2467363,231015
252,2468357,130915
1177,2470451,9708
1320,3855880,6659
1587,3855991,3168
2332,5273748,280
580,5276221,50779
1822,5277278,1670
495,5280953,62328
1816,5282681,1698
20,5286867,401537
2104,5291491,662
2614,5295749,57
2582,5296579,83
1769,5307371,1932
1336,5308328,6452
867,5314517,23429
191,5315856,153313
50,5322454,306202
84,5331533,237689
1975,5331568,976
2284,5335051,358
1562,5335955,3298
2222,5337570,442
1817,5352341,1696
2121,5357826,611
536,5358156,56517
609,5367443,46429
971,5368021,17029
2183,5378796,497
929,5379479,19154
268,5394998,125685
617,5400524,45156
31,5405016,351431
905,5407186,20287
707,5412047,34961
1893,5412059,1304
1647,5413918,2700
726,5416901,33427
2345,5424497,270
318,5432494,102499
623,5439021,44357
214,5453280,142632
1865,5455467,1434
1485,5459484,4150
120,5461706,203482
747,5475102,31765
1121,5478519,11692
728,5478868,32907
417,5481259,76408
2402,5492249,220
372,5492317,87727
1279,5496868,7390
202,5498922,149620
164,5508452,169041
722,5511795,33949
2081,5515895,714
2283,5518598,359
1692,5520040,2434
2477,5522703,152
1519,5547958,3780
462,5551228,68743
364,5562332,91297
2423,5569980,201
2338,5602541,278
2141,5609458,578
85,5621189,236716
407,5635912,78668
1862,5644538,1439
2279,5674565,360
2662,5691591,32
731,5692316,32750
174,5695735,165005
1056,5704739,13964
57,5712664,295527
222,5721190,139316
1186,5738024,9414
1791,5797008,1794
1758,5832818,2016
1067,5859477,13707
2003,5880419,916
2716,5892701,13
1061,5915725,13801
811,5917753,27622
1459,5923347,4507
1000,5928148,15831
1038,5936300,14482
1164,5938566,10181
1830,5953754,1629
957,5980710,17410
274,5981987,122934
2205,5985413,470
2630,5990777,47
457,6002140,69449
334,6002698,97163
2295,6013902,334
516,6025096,58741
360,6056898,91926
2109,6059712,645
337,6073491,96597
2294,6077522,334
1490,6104574,4094
435,6109400,73334
2368,6109561,252
2071,6116494,745
2125,6117927,607
397,6118206,81978
511,6123353,59836
2589,6123735,80
2370,6129205,250
2396,6134090,224
1602,6136863,3027
1989,6137967,940
2241,6158537,416
2575,6166962,90
1709,6174272,2279
2497,6181487,132
661,6192372,39350
566,6194113,52917
2647,6197419,40
1851,6202008,1509
69,6202142,266483
179,6214450,161369
76,6215720,252019
906,6218032,20197
163,6225864,169444
2619,6226204,52
794,6237737,28643
41,6240341,325067
239,6248603,133920
439,6249893,72539
2064,6258019,763
521,6280562,57835
2432,6284881,190
235,6285740,135702
2429,6299083,192
182,6299615,159347
2504,6320306,130
962,6345427,17284
1463,6345646,4478
2185,6348137,496
941,6352466,18609
496,6369282,61976
1212,6378835,8873
1271,6383934,7524
2601,6384174,63
374,6398827,87484
804,6415860,28215
2341,6415980,274
2260,6424698,389
1624,6445694,2938
2576,6463056,87
11,6463824,475231
1437,6472363,4805
2564,6478771,90
1402,6508561,5253
2693,6513727,21
54,6518098,302612
2751,6520151,4
714,6547209,34829
583,6556661,50696
2709,6560556,15
585,6566724,50603
773,6577953,29992
1661,6578558,2593
730,6589858,32821
2011,6601930,898
1082,6607121,13250
2289,6610861,352
571,6622295,52623
1618,6628560,2962
1596,6628746,3088
981,6630993,16646
841,6639240,25195
693,6645459,36699
1815,6669073,1706
1422,6675048,4999
946,6675895,17913
2766,6681377,4
1353,6681927,6170
2542,6691471,98
2251,6694128,397
1832,6701185,1624
1644,6707963,2726
558,6709405,53798
1139,6710706,11080
61,6714301,285444
1415,6715913,5121
1324,6724579,6620
2596,6727001,68
1800,6734663,1760
2384,6751342,231
745,6769480,31856
1848,6787690,1532
106,6792718,213352
662,6793094,39304
1049,6849012,14241
1039,6851184,14438
1733,6851871,2176
648,6864913,40789
46,6874321,318549
384,6880461,84052
667,6880739,38911
2699,6881645,18
1782,6892754,1868
2144,6901102,568
1614,6906386,2972
2579,6914999,85
2212,6932958,459
2122,6938548,610
250,6943434,131693
481,6944735,64551
1966,6946038,1011
2667,6951126,30
2430,6951240,192
737,6953628,32459
275,6965133,122572
290,6969263,116744
2180,6979129,500
803,6980098,28288
1235,6985486,8394
1458,6993201,4518
2047,6993667,798
635,7006928,43070
2293,7007322,336
1579,7008466,3221
2509,7021764,124
768,7026842,30305
755,7027072,31428
1120,7028803,11722
1155,7031256,10417
2512,7036812,120
656,7037587,39685
447,7041608,70619
1351,7052444,6189
526,7069218,57424
2186,7074510,496
1825,7075492,1652
405,7076272,79478
349,7077724,93462
2552,7089136,94
51,7090866,305674
1256,7091672,7725
396,7098091,82050
1640,7098151,2790
2040,7105869,822
848,7108645,24687
2532,7109705,106
2403,7115013,218
567,7116649,52917
554,7119547,54264
676,7123081,38315
1697,7130396,2388
507,7141726,60539
1372,7145860,5859
1722,7153339,2241
1194,7158935,9213
1611,7159909,2978
1274,7161081,7429
264,7161805,128954
594,7171747,49003
133,7173852,190651
974,7174654,16903
2024,7186632,868
232,7197739,136378
1028,7200151,14859
147,7204231,179979
2377,7206600,240
1280,7215972,7379
1702,7216284,2341
2692,7245181,21
1715,7255924,2264
524,7261950,57563
887,7264198,22031
925,7265295,19353
442,7268560,72200
2624,7269203,50
91,7270052,230989
1421,7270458,5003
1119,7270627,11775
2444,7272707,183
2733,7283130,9
2098,7284151,670
1036,7292557,14609
719,7299229,34659
2297,7299955,333
2585,7300046,81
1150,7307468,10697
1449,7308635,4649
1288,7319349,7177
753,7324242,31465
173,7328177,165071
847,7336667,24787
751,7336820,31541
1957,7336822,1038
1837,7337764,1590
446,7338171,71216
2392,7345027,227
115,7345262,205695
675,7358666,38449
713,7361930,34836
2729,7367571,9
2645,7370821,40
240,7386275,133721
852,7386345,24493
228,7397491,137931
2292,7403536,337
289,7419675,116929
35,7420245,339617
659,7441153,39633
1238,7445223,8362
738,7455580,32413
1520,7456494,3779
1273,7462113,7432
976,7468538,16788
48,7470466,307413
335,7471725,96856
1196,7488710,9133
255,7496217,130369
1525,7497923,3720
198,7499372,150107
2291,7500628,337
616,7515203,45466
1174,7515409,9827
2535,7519275,104
369,7525596,88727
2156,7526119,549
830,7526451,26363
1855,7530933,1478
1517,7538345,3802
851,7544065,24522
817,7544289,27138
49,7553079,306978
1123,7555380,11622
206,7565517,146652
588,7568417,50069
784,7576357,29406
139,7578076,183523
958,7580711,17403
354,7583767,92674
517,7584394,58733
883,7591791,22274
1261,7592481,7681
253,7595641,130800
1133,7613679,11242
2615,7617777,56
2198,7620647,484
865,7621961,23553
560,7623076,53646
1726,7629317,2222
325,7630883,100325
761,7633305,30813
1441,7652376,4753
968,7660551,17112
1538,7664914,3594
2428,7670231,196
1962,7672576,1019
1262,7681173,7678
2762,7696298,4
2175,7705905,506
30,7710033,355755
703,7712902,35727
56,7713240,296110
313,7713829,104019
1756,7724041,2026
1578,7726777,3246
9,7729811,492088
1397,7732861,5342
402,7743680,79791
62,7744489,284681
1906,7745268,1250
513,7748647,59353
1659,7756131,2606
15,7756287,438278
2652,7767863,40
1217,7771835,8817
279,7772652,121486
412,7776606,77236
2318,7788105,300
670,7789403,38732
633,7794839,43091
2012,7795075,896
1420,7795595,5013
2095,7798280,685
230,7798905,137488
2305,7800270,318
688,7802737,37223
1553,7805778,3405
527,7812735,57338
1410,7816327,5187
2768,7818634,2
2625,7819335,50
2326,7822363,286
2375,7822831,244
2425,7822946,200
879,7826162,22736
1070,7836663,13600
796,7838993,28518
961,7840724,17298
1344,7846723,6252
1747,7848167,2092
1071,7851496,13557
464,7852894,68360
2471,7855023,160
1911,7882068,1232
1398,7882542,5294
2019,7883261,884
942,7891981,18248
66,7894748,276755
2221,7897715,443
2014,7901525,894
181,7902972,160885
1335,7911522,6461
124,7917957,201861
1705,7918904,2330
67,7919252,274813
111,7925813,210635
320,7926463,102108
176,7928063,163967
14,7928191,451681
1955,7928213,1055
301,7929307,109245
945,7930660,18207
272,7930966,123668
809,7932995,27814
162,7935327,170756
846,7935380,24792
1312,7936363,6745
2189,7937431,494
2728,7938402,9
660,7938454,39607
1045,7939766,14335
1690,7940770,2439
1952,7946098,1066
2765,7948942,4
2649,7949449,40
1786,7949585,1841
2689,7953644,22
1330,7954351,6561
233,7955706,135844
2440,7958849,186
456,7962906,69458
2038,7968088,825
213,7971160,142911
2246,7972378,408
2607,7972592,60
1725,7973234,2231
2636,7973283,44
1314,7980345,6714
979,7985017,16698
2574,7988164,90
821,7988561,26938
218,7993055,140512
538,7996883,56316
95,8004090,222038
1845,8009241,1564
518,8011523,58702
2110,8014228,641
2442,8016061,186
2441,8016440,186
1303,8016533,6889
886,8018043,22089
2078,8026796,722
1951,8028413,1088
282,8030244,119855
211,8032736,143592
2037,8033118,833
1428,8035488,4925
161,8039359,171028
2052,8043388,784
964,8046309,17249
1461,8049653,4496
1265,8052104,7655
1707,8055630,2306
1447,8056064,4674
1020,8061834,15157
1790,8063189,1825
2671,8065163,30
952,8067986,17553
882,8068764,22295
1396,8072449,5348
2059,8075893,768
2259,8079682,390
537,8081876,56371
1076,8084002,13354
1365,8084460,5933
956,8088214,17411
1349,8092491,6223
749,8093791,31638
449,8095624,70377
844,8103929,24834
1192,8112477,9275
692,8113308,36734
628,8114138,43446
1267,8114578,7628
861,8119092,23950
668,8122077,38907
300,8129506,111453
1842,8130761,1575
764,8133871,30691
2250,8138333,398
1328,8140032,6580
708,8140909,34926
546,8141122,55340
208,8142957,145111
1227,8146712,8533
74,8152033,258236
1974,8152723,981
1501,8157736,3987
2369,8159821,252
1079,8163547,13345
2697,8167983,20
44,8173129,320304
105,8176904,213876
1419,8177496,5014
602,8179733,47722
2626,8182007,49
2516,8188583,118
2503,8189188,130
985,8189335,16561
2600,8190184,63
2240,8195416,418
180,8196033,160964
2549,8208606,94
607,8216961,46732
2525,8219045,111
2561,8225511,90
579,8225569,50987
223,8228577,139092
258,8229942,129667
872,8232175,23128
2756,8232749,4
1701,8233593,2349
858,8234151,24045
1533,8239224,3661
789,8239230,29241
948,8241894,17775
1172,8245039,9832
1077,8259367,13353
1876,8265197,1389
759,8269713,31203
270,8270061,124775
1944,8279671,1114
618,8282944,45141
1507,8289186,3919
1721,918632131,2250
400,918633648,81636
86,918634053,235844
2,918635654,931524
22,918641814,394857
2146,918643958,566
2491,918645510,134
1423,918650702,4996
2253,918657251,395
98,918658041,220051
1495,918668369,4066
1916,918674871,1203
626,918675815,43795
135,918677427,186459
12,918679104,459353
1041,918679452,14413
203,918687397,148979
245,918691034,132421
506,918692207,60574
756,918697738,31411
936,918709194,18833
1317,918721142,6694
1630,918724758,2888
144,918727106,181954
1069,918728757,13616
1002,918735770,15696
38,918740153,334391
806,918745846,28031
36,918747421,337283
721,918748718,34086
2127,918748966,605
937,918748991,18769
1327,918749575,6586
785,918750983,29404
2609,918752947,60
850,918754753,24552
234,918760289,135800
1099,918760731,12657
1998,918763083,924
2401,918763319,220
331,918768399,97731
2358,918770852,260
2637,918774067,43
1569,918774939,3282
1668,918781906,2562
380,918788394,85843
1731,918793084,2190
898,918796938,20852
332,918797136,97698
994,918799275,15972
2554,918801947,94
776,918805004,29890
672,918811436,38639
2374,918824876,245
934,918826287,18857
1387,918826725,5572
917,918827676,19840
1050,918830401,14222
2508,918831829,124
448,918833796,70443
476,918850381,66024
631,918853616,43249
998,918858345,15842
1029,918860028,14783
1166,918861014,10021
329,918861343,98463
127,918865516,199041
157,918866300,172330
912,918868019,20000
612,918881485,46234
652,918883343,40229
269,918884147,125544
854,918887337,24331
125,918888095,200750
605,918891459,47192
1334,918894244,6470
2747,918896060,5
451,918897113,70232
1575,918899128,3248
822,918904653,26918
1375,918906100,5781
221,918912283,140055
2737,918914217,8
184,918915418,158592
2324,918919422,288
1431,918921168,4859
2164,918925473,526
346,918926593,94838
426,918931878,74308
28,918935461,367238
1215,918938240,8850
2453,918943292,175
2723,918944164,10
2448,918951992,179
1233,918953116,8421
485,918960333,63320
414,918965668,76820
59,918969432,294801
1988,918970760,945
1561,918971979,3300
1762,918974055,1995
469,918974927,67394
1418,918975725,5053
1213,918981591,8872
2410,918982609,212
1384,918994452,5610
2158,918995533,545
257,918997442,129877
642,919003103,42044
413,919003560,76954
107,919003753,213233
534,919004828,56781
2669,919006231,30
2093,919006841,688
2346,919006844,270
2718,919007264,12
24,919007962,390858
474,919010030,66560
229,919010919,137913
903,919019553,20403
1739,919021554,2143
2213,919024563,458
427,919034272,74257
557,919034303,53839
2460,919035212,170
142,919035681,182014
2090,919036155,692
440,919040201,72377
151,919043012,177508
219,919045081,140157
2517,919049243,118
856,919049507,24125
359,919049946,91969
2035,919051186,840
1241,919052932,8302
1546,919054917,3518
2640,919056617,42
1259,919058543,7690
2280,919063167,360
2642,919063641,41
1712,919068664,2274
2695,919070838,20
7,919071304,560871
1137,919071826,11136
100,919076275,218191
939,919078641,18641
960,919079409,17300
1809,919081515,1733
373,919086338,87567
23,919086475,392154
578,919086743,51159
2452,919087149,175
645,919088358,41485
853,919095909,24353
1234,919102044,8394
1629,919103648,2903
281,919106936,119927
2272,919108454,375
826,919108690,26677
154,919110311,176472
178,919112793,163380
1493,919114766,4074
2007,919115656,904
2717,919117101,13
2547,919120440,94
118,919123116,204990
2397,919125520,224
2329,919126210,281
1603,919131132,3025
875,919132810,22813
716,919134078,34732
1013,919135465,15387
453,919135734,69888
986,919137067,16443
194,919138556,152361
649,919141077,40744
8,919141241,551731
604,919143378,47243
1191,919147265,9340
1590,919149732,3127
87,919150017,234977
406,919152881,78926
1124,919152884,11611
2043,919153242,811
2559,919157746,91
907,919157912,20193
2623,919158086,50
1034,919159342,14651
367,919161937,89355
136,919165510,184688
2277,919166711,367
25,919167999,380943
1171,919169245,9854
873,919172893,23123
625,919172954,44008
475,919176863,66090
684,919177596,37810
820,919179939,27086
1022,919185307,15091
2136,919187189,589
1360,919189655,6010
996,919192199,15856
860,919192834,23956
1052,919193514,14098
758,919197755,31282
477,919199920,65871
2459,919202652,171
2266,919205039,379
613,919205488,45679
787,919212509,29332
647,919216764,41073
597,919219455,48549
2677,919221843,27
2307,919223603,316
2083,919223923,713
296,919225129,112327
6,919225797,572952
295,919226027,112924
193,919228703,152517
371,919233657,88357
1580,919234470,3219
1031,919237182,14673
2013,919238418,896
379,919242910,85908
2197,919246491,487
1633,919246576,2855
779,919247421,29750
2316,919248665,302
2229,919248818,435
1282,919248872,7292
1102,919253374,12569
1933,919253760,1150
243,919255708,132962
33,919256452,342551
1382,919257511,5671
1788,919258446,1827
2690,919261455,22
2395,919261995,224
711,919262632,34904
403,919263096,79779
1097,919269696,12679
246,919271570,132394
1864,919272943,1437
914,919275859,19972
19,919282327,402581
1203,919282787,9009
810,919283831,27732
1456,919284796,4568
2167,919286022,524
555,919286165,53980
172,919290491,165393
1313,919291733,6735
673,919292360,38586
284,919295773,118894
515,919296151,58767
603,919296234,47576
1107,919297177,12235
621,919297873,44548
1969,919298123,1002
1316,919298578,6694
627,919299192,43757
589,919300656,49780
1462,919301299,4492
644,919303001,41636
454,919303499,69532
77,919303973,251056
2278,919304212,361
2051,919304517,785
1885,919305423,1353
1019,919305909,15172
1460,919306592,4502
2269,919307009,378
715,919307382,34787
1011,919308506,15397
238,919309191,134634
357,919309365,92213
2739,919309370,7
1337,919310905,6430
60,919310996,293785
1563,919311036,3295
1111,919312339,12127
1355,919312498,6159
1379,919312760,5698
2734,919312897,9
1044,919314262,14356
2481,919316868,144
1081,919318363,13267
263,919320368,129151
683,919321520,37845
1143,919321523,10910
1978,919322625,974
47,919324627,316684
629,919326917,43420
265,919327217,128744
1552,919330535,3425
73,919332810,258289
291,919332907,116314
1884,919333631,1357
1284,919335087,7239
562,919335578,53514
1773,919336127,1911
1875,919336665,1392
833,919337355,26224
680,919337576,37972
1001,919339393,15774
370,919341632,88656
1681,919341748,2484
2068,919342675,752
2226,919342874,439
2335,919343204,279
185,919344608,158407
1768,919344681,1945
2308,919345689,312
1496,919346680,4041
520,919347958,58071
494,919349061,62369
563,919349407,53169
254,919349805,130704
484,919351274,64078
725,919351310,33501
674,919351392,38585
1609,919353845,2991
1414,919353886,5136
2687,919356625,23
1033,919358298,14652
955,919358913,17439
1749,919359328,2090
2590,919359444,76
2168,919361562,524
2613,919361817,57
388,919361944,83459
2571,919362028,90
1802,919362198,1751
1009,919364556,15556
1824,919366769,1665
267,919367562,127694
1187,919367711,9397
307,919371696,106243
502,919373419,61111
1574,919374603,3250
1499,919375506,4017
681,919375831,37964
1469,919377849,4351
387,919381243,83581
766,919381352,30644
394,919381653,82561
17,919381931,426463
488,919382364,63099
1513,919385006,3835
1333,919385699,6520
2077,919385804,728
472,919385980,66978
2668,919387079,30
2592,919389988,71
287,919390316,117340
2484,919391900,139
1159,919392682,10301
1182,919395926,9508
1467,919397595,4408
471,919397859,67013
1746,919399207,2093
288,919400530,116981
1972,919407157,982
1938,919407394,1130
486,919407835,63268
2499,919408214,130
2698,919411933,20
993,919412218,16055
186,919412230,155665
1068,919413126,13664
2673,919413316,29
973,919414837,16956
1389,919415180,5500
1870,919415785,1408
2072,919416722,740
385,919416900,84014
1680,919417026,2487
493,919417093,62385
902,919417201,20516
2390,919418039,228
2463,919419030,169
217,919419209,140795
2243,919419243,414
1548,919421097,3486
1254,919422382,7760
1594,919424594,3093
705,919424670,35457
2510,919425352,122
1091,919426386,13039
788,919426494,29331
89,919426945,231890
2139,919428041,580
463,919428453,68690
2060,919429509,766
1141,919430533,10998
832,919430675,26249
824,919430945,26789
262,919431408,129167
800,919431992,28403
1477,919434406,4248
306,919435708,106888
1755,919436342,2041
319,919436407,102381
2702,919437918,18
392,919438374,82806
2418,919438784,206
1249,919438961,7939
1385,919439534,5596
1920,919439740,1192
1479,919440484,4210
196,919440492,151857
1730,919443064,2195
478,919443928,65297
1980,919444359,965
2495,919445885,134
999,919446380,15838
2704,919446383,17
2217,919447338,447
1307,919447647,6825
1427,919447659,4929
96,919447923,220537
37,919448953,336024
1371,919450079,5871
1207,919450534,8964
2666,919450802,31
204,919451099,147496
1127,919452694,11381
2255,919452773,394
1243,919452784,8226
322,919452834,101520
210,919453825,143785
2730,919454965,9
225,919454997,138283
1716,919456258,2262
119,919457328,203905
376,919458056,86971
1544,919458455,3531
1940,919458561,1125
355,919458699,92460
1977,919458740,975
2653,919459988,40
416,919460217,76717
1653,919461836,2639
1278,919462242,7394
352,919463152,92850
619,919463268,44845
843,919463873,25014
2046,919464204,800
2224,919464931,440
894,919465771,21350
479,919465948,65065
988,919467169,16384
1301,919467653,6916
1263,919468264,7667
827,919468390,26611
2239,919468683,418
2545,919469170,96
2456,919469388,174
1892,919469395,1310
949,919470409,17616
1225,919471299,8620
231,919471506,136615
2573,919472305,90
641,919472547,42481
2285,919472596,358
88,919473031,233810
1866,919473115,1430
149,919475862,178496
2485,919475887,138
45,919476182,319337
1073,919476404,13464
326,919477105,99523
81,919478383,241010
2458,919478405,171
2381,919478766,234
2249,919479204,404
2539,919479233,100
1096,919479277,12690
167,919479335,168090
1352,919479556,6189
2343,919480237,271
910,919480767,20094
18,919480858,407711
2528,919481090,110
159,919481658,171615
1621,919482274,2949
314,919482342,103283
685,919482725,37762
1343,919482897,6259
2719,919483437,12
109,919484390,211846
2376,919485527,242
596,919485541,48880
792,919485619,28775
2258,919486715,390
251,919487568,131593
966,919488488,17166
1992,919488713,937
1318,919488884,6690
1062,919489344,13755
1030,919490009,14717
2030,919490652,851
1683,919490877,2478
429,919491129,74025
2594,919491436,70
1664,919491921,2581
261,919491943,129204
2399,919492588,224
2635,919492891,44
620,919493400,44834
375,919493663,87019
1675,919494307,2534
2170,919494506,518
614,919494803,45503
1559,919495065,3316
1843,919495093,1566
2558,919495203,91
2537,919495999,104
2238,919496310,419
1059,919497196,13830
1894,919497387,1303
2230,919497725,435
1064,919497949,13741
2572,919498329,90
2707,919498476,16
2271,919498546,376
2632,919498652,46
2753,919498829,4
43,919499537,322090
175,919500019,164468
1405,919500383,5228
2344,919500714,270
212,919500783,143385
1211,919500807,8892
83,919501106,239696
424,919501224,74565
1927,919501248,1166
1376,919501887,5776
2115,919502368,630
2683,919502413,25
1897,919502671,1294
1085,919502744,13199
441,919503117,72285
102,919503826,215410
1281,919504302,7377
1128,919504619,11342
2759,919504709,4
639,919505229,42812
1502,919505440,3949
348,919506344,93765
2500,919506662,130
1759,919506664,2013
1201,919506682,9067
704,919506980,35596
632,919507252,43128
482,919507501,64195
2000,919507775,924
1983,919507993,952
815,919508429,27432
1470,919508657,4325
997,919508839,15852
1922,919509047,1186
930,919509173,19012
505,919510539,60787
2166,919510964,524
1055,919511276,13973
2727,919511354,9
2187,919511972,495
931,919513274,19008
1135,919513602,11209
377,919513868,86458
666,919513974,38942
655,919513995,39909
244,919514563,132712
564,919515291,53130
1086,919515891,13151
508,919516208,60193
2099,919516849,669
226,919516977,138104
1910,919517722,1240
2385,919518537,228
748,919518737,31731
1836,919519206,1603
935,919519260,18854
2074,919519408,734
1585,919519557,3182
324,919519870,100609
1401,919520048,5263
1122,919520526,11650
1904,919520714,1253
1476,919521085,4262
1907,919521458,1247
1635,919521558,2819
389,919522187,83267
2597,919522214,68
423,919522275,74597
2521,919522370,116
783,919522398,29507
298,919523042,111958
2740,919523185,7
117,919524151,205471
345,919524347,94883
2119,919524568,623
1686,919524831,2451
1322,919524844,6627
153,919525065,176991
712,919526327,34885
1348,919526826,6231
2595,919526914,68
42,919526994,322587
1311,919527224,6796
1948,919527846,1100
1678,919527963,2499
1889,919528076,1339
706,919528106,35326
2530,919528263,106
1771,919528387,1917
2195,919528830,488
1591,919529093,3121
433,919529714,73703
1706,919530077,2330
2138,919530091,585
2152,919530128,560
2033,919530603,841
2387,919531526,228
735,919531705,32647
1953,919531709,1066
2436,919532106,188
1380,919532260,5691
169,919532449,166836
2746,919533603,5
1090,919533743,13045
1649,919534069,2677
1928,919534072,1165
1170,919534368,9913
1795,919535026,1775
2731,919535536,9
1319,919536505,6667
1228,919536532,8475
1839,919537329,1584
611,919538523,46372
1881,919538538,1366
419,919538761,76152
897,919538771,20943
798,919539061,28500
1439,919539209,4786
1237,919539522,8363
530,919540924,56994
519,919541054,58225
2227,919541378,436
500,919541772,61155
1406,919541986,5220
777,919542465,29885
695,919543626,36523
249,919544837,131752
1287,919544888,7197
701,919545222,36039
2434,919545736,188
549,919545854,55076
2288,919546843,354
1803,919546929,1748
1655,919547252,2629
1956,919547380,1043
1393,919547529,5446
943,919547850,18246
1497,919548757,4028
1198,919548837,9109
1342,919548876,6281
893,919549044,21357
1147,919549162,10767
130,919549363,193014
2534,919549368,105
1006,919549636,15595
418,919549672,76207
2339,919550498,278
2191,919550516,493
1648,919550681,2690
932,919551576,18973
2443,919551648,184
1748,919551817,2090
2147,919552223,566
2042,919552542,816
624,919553320,44098
535,919553478,56721
1941,919553921,1122
1175,919554004,9810
2117,919554262,626
386,919554358,83879
837,919555073,25598
553,919555140,54269
967,919555330,17143
1967,919555573,1005
575,919555795,52075
1539,919555942,3572
1487,919556057,4137
404,919556460,79501
341,919556782,95503
205,919556949,147473
1770,919557391,1918
2310,919557965,307
1693,919558092,2434
2382,919558854,232
71,919558897,260700
1660,919559054,2599
158,919559325,172168
2581,919559904,84
1879,919560262,1373
1378,919560357,5723
1032,919560381,14670
543,919560389,55685
895,919560606,21334
573,919560810,52305
933,919560981,18960
1189,919561268,9364
489,919561270,62913
94,919563321,224283
1024,919563397,15066
1260,919563475,7681
2287,919564318,354
68,919564968,273417
2511,919564969,122
2140,919565179,578
1719,919565264,2257
156,919565561,173503
1341,919565976,6317
1511,919566760,3852
1589,919567183,3153
101,919567222,216276
1244,919568324,8145
2507,919569029,125
1251,919569040,7853
1954,919569186,1055
1362,919569257,5992
143,919569974,181982
209,919570966,144685
1995,919571170,930
1404,919571442,5229
1413,919572207,5147
2057,919572469,772
1643,919572556,2729
859,919573444,23964
1054,919573610,13986
1339,919573760,6365
1474,919574180,4313
2263,919574487,384
1714,919574729,2265
2328,919575115,284
2349,919575131,266
1442,919575881,4739
2519,919576231,117
1464,919577171,4459
561,919578613,53537
1530,919578877,3695
2065,919579161,760
338,919579659,96474
2409,919579900,212
1296,919580034,7019
1486,919580545,4145
2039,919581404,825
2394,919581410,226
2771,919581750,1
1857,919581872,1472
1026,919582307,14877
739,919582499,32381
835,919582775,25762
1531,919582918,3684
828,919583516,26555
2304,919583714,319
757,919583739,31350
2116,919583903,629
2633,919583948,45
1612,919584632,2977
550,919584735,54765
2654,919584739,40
1027,919584884,14866
2188,919585105,494
2355,919585292,264
1532,919586410,3671
150,919586471,178069
1051,919586903,14136
2447,919587429,180
610,919587443,46427
2163,919588258,532
2032,919588262,848
52,919588934,305255
1258,919589034,7690
663,919589047,39081
834,919589271,26046
2721,919589312,11
1025,919589344,14994
1306,919589505,6832
2173,919589893,508
531,919590161,56937
2145,919590283,568
2420,919590357,202
1202,919590425,9060
1300,919590446,6942
1781,919590631,1868
260,919591071,129561
778,919591125,29848
1913,919591275,1216
732,919591876,32741
309,919592433,106063
2087,919593295,700
1900,919593463,1278
443,919593699,72147
1435,919593885,4832
1222,919594228,8642
1600,919594368,3035
920,919597087,19762
2048,919597258,796
1004,919598410,15624
1134,919598452,11213
2029,919598555,853
889,919598572,21886
908,919599130,20178
978,919599218,16757
1874,919599486,1393
278,919599818,121779
1882,919600216,1366
2584,919600304,81
2523,919601026,112
1761,919601440,2000
1494,919601666,4073
2302,919602192,322
2100,919602646,666
750,919603323,31594
1354,919603640,6169
2256,919603936,390
1735,919603946,2170
696,919604121,36446
529,919604228,57140
1356,919604513,6146
188,919604517,155120
2103,919604761,664
574,919605025,52301
514,919605619,59095
2696,919605840,20
523,919606338,57731
1245,919607052,8137
744,919607584,31909
786,919607677,29389
2233,919607690,430
1964,919608030,1016
2461,919608176,170
2082,919608502,714
1326,919608549,6591
797,919608920,28502
1617,919609981,2968
760,919610048,31013
2340,919610311,276
1794,919610896,1784
425,919610973,74434
104,919612051,214335
2514,919612317,120
148,919612331,178822
2319,919613260,300
121,919613340,202420
582,919613389,50696
177,919613519,163493
40,919613742,325779
1783,919613935,1867
1724,919614225,2239
126,919614425,199065
838,919614564,25311
1145,919614650,10852
93,919615066,226095
816,919615180,27205
1242,919615293,8232
977,919615431,16769
1543,919615432,3534
1568,919615833,3287
2743,919615934,7
128,919616231,196065
1760,919616943,2007
2526,919617118,110
881,919617895,22534
2711,919618196,15
2496,919618607,133
2228,919619070,436
742,919619714,32234
2720,919619857,11
170,919619860,166165
2108,919619927,645
702,919620196,35779
1777,919620270,1901
391,919621292,83047
990,919621473,16206
1,919621546,950812
1450,919622159,4647
470,919622278,67283
2298,919622326,328
532,919622839,56898
1632,919622949,2870
548,919623228,55081
1570,919623237,3278
539,919623853,56291
1003,919623867,15691
2439,919623927,188
1181,919624040,9510
280,919625456,120510
1390,919625533,5499
1465,919625730,4452
2248,919626092,406
399,919626378,81683
468,919626398,67456
134,919626731,187148
1087,919626778,13127
1510,919627330,3893
1554,919627597,3369
1677,919627661,2501
315,919628287,103042
1887,919628909,1342
1065,919628942,13734
1048,919629389,14268
916,919629698,19937
630,919630683,43397
2540,919631232,100
807,919631721,27940
21,919632698,395820
2556,919633018,94
1257,919633298,7691
938,919633488,18664
864,919633911,23692
393,919634874,82796
1699,919636382,2372
679,919636898,37989
1945,919637009,1113
248,919637041,131786
584,919637270,50687
512,919637426,59531
2492,919637496,134
1728,919638418,2210
465,919639368,68227
694,919639466,36680
1223,919639575,8637
2315,919640001,304
2049,919640508,787
1168,919640617,9947
2089,919641264,692
70,919641517,261152
411,919641554,77363
2190,919641594,493
63,919641647,280437
849,919641656,24575
303,919641692,108331
2232,919641777,434
1325,919643015,6593
1577,919643030,3247
1929,919643166,1165
461,919643253,68748
1767,919643366,1967
378,919643711,86456
236,919643814,135065
2015,919643890,893
1819,919643996,1694
343,919644252,95154
654,919644381,40150
2694,919644420,20
1902,919644441,1255
969,919644773,17091
2726,919645042,9
2617,919645088,53
1846,919645414,1554
1269,919645612,7568
1859,919646077,1470
754,919646503,31450
1613,919646596,2976
1856,919646689,1474
2231,919646879,434
2621,919646883,52
1253,919647005,7762
1963,919647046,1019
884,919647298,22207
1035,919647707,14617
437,919647719,72619
909,919647810,20136
1429,919647865,4877
570,919647893,52690
438,919647964,72553
2435,919648197,188
1286,919648407,7236
1240,919648538,8314
2128,919648648,603
72,919649009,258457
1239,919649033,8346
1593,919649505,3119
2149,919649629,562
4,919649890,644416
428,919650249,74073
1921,919650363,1187
1106,919650368,12299
657,919650568,39649
1386,919650836,5582
297,919650882,112130
1798,919650897,1765
1338,919651579,6413
1729,919651581,2198
2713,919651767,14
1157,919652013,10354
1299,919652286,6979
138,919652893,184039
547,919652981,55142
1727,919653092,2210
2367,919653302,253
1444,919653697,4733
2041,919654350,818
1779,919654696,1885
1149,919654993,10712
510,919655123,59940
401,919655187,80120
658,919655539,39644
1854,919655612,1485
1347,919655643,6232
2254,919655750,394
775,919655765,29923
2529,919655882,108
2359,919655945,260
1891,919655965,1318
317,919656067,102553
2431,919656139,192
866,919656153,23511
80,919656288,241669
1142,919656805,10918
2741,919656934,7
381,919656970,84825
1547,919657063,3507
2422,919657096,201
327,919657131,98858
1007,919657271,15574
1373,919657536,5834
581,919657583,50746
842,919657672,25057
2757,919657717,4
368,919658213,88831
1605,919658815,3019
586,919658958,50481
2513,919658969,120
1650,919659126,2671
1416,919659671,5116
592,919659910,49326
2268,919660204,378
950,919660224,17608
436,919660855,73282
1270,919660877,7530
2483,919661318,140
1847,919661776,1535
1395,919661834,5387
3,919661900,646073
1409,919662077,5207
131,919662094,192427
1093,919662372,13003
1536,919662763,3643
690,919662774,37090
2744,919662864,6
2708,919663275,16
1190,919663519,9346
1443,919663555,4737
2415,919663603,207
201,919663617,149627
1304,919663637,6863
533,919663666,56790
2270,919663669,377
1796,919663679,1770
1332,919663847,6534
1784,919663943,1863
2550,919664020,94
1195,919664143,9205
2650,919664231,40
450,919664318,70247
1180,919664496,9523
1667,919664588,2573
1425,919664759,4936
2102,919664876,664
2017,919665041,890
1109,919665165,12196
2137,919665178,587
1685,919665894,2473
2055,919665988,782
1247,919666306,8036
1704,919666359,2340
2437,919666634,188
923,919666661,19539
1691,919666700,2435
2372,919666804,248
1169,919666865,9941
339,919666867,95997
1357,919666879,6139
353,919666928,92810
340,919666945,95815
491,919667053,62423
2067,919667105,754
2020,919667459,882
1835,919667523,1604
2502,919667762,130
1453,919667901,4627
590,919667929,49457
166,919667939,168535
795,919667986,28551
825,919667995,26766
2663,919668041,32
606,919668057,47065
498,919668129,61729
1448,919668240,4658
65,919668280,278080
122,919668298,202036
2010,919668313,900
2682,919668532,25
1381,919668666,5688
316,919668687,102855
459,919668829,69230
600,919668892,48020
899,919669013,20764
1248,919669036,7982
123,919669089,202004
599,919669092,48274
700,919669132,36145
2473,919669295,155
970,919669425,17055
636,919669443,43019
829,919669686,26410
2360,919669688,259
569,919669739,52743
2465,919669756,166
808,919669887,27917
1812,919669935,1715
1023,919669939,15091
310,919669994,105521
911,919670057,20043
497,919670080,61778
145,919670288,181306
878,919670362,22738
1965,919670419,1012
1088,919670498,13099
2178,919670581,500
791,919670594,29089
1236,919670746,8380
1734,919670747,2170
1018,919670748,15191
2608,919670822,60
963,919670856,17272
2464,919670870,168
2398,919670880,224
2112,919670943,638
1535,919670946,3652
466,919671046,68218
2351,919671066,265
1850,919671086,1524
113,919671091,207405
308,919671252,106231
247,919671344,132274
1973,919671408,982
1293,919671430,7077
2577,919671434,86
276,919671478,122475
480,919671487,64800
336,919671702,96688
2301,919671776,322
1526,919671806,3716
1010,919671899,15486
2770,919671903,1
2688,919671958,23
1015,919671990,15375
831,919672018,26326
1742,919672037,2128
1606,919672057,3015
593,919672080,49324
2150,919672160,562
678,919672167,38166
78,919672241,245010
26,919672253,377197
540,919672257,56211
1053,919672311,14024
2196,919672332,488
885,919672361,22183
926,919672423,19281
2749,919672527,5
358,919672587,92113
197,919672606,151505
2353,919672666,264
195,919672694,151982
1323,919672712,6624
1646,919672751,2710
1489,919672758,4105
698,919672777,36350
769,919672779,30229
190,919672784,154661
200,919672807,149903
2330,919672819,281
1828,919672866,1633
344,919672880,94944
2634,919672916,44
455,919672933,69516
1388,919672974,5501
746,919672990,31826
2296,919673011,333
2536,919673030,104
220,919673087,140133
1094,919673095,12824
199,919673143,150044
1550,919673186,3448
1472,919673187,4320
183,919673198,158663
1601,919673231,3027
2044,919673261,810
1275,919673307,7428
1066,919673341,13733
677,919673426,38268
1163,919673428,10191
304,919673483,108331
293,919673516,115014
1221,919673518,8660
1308,919673526,6822
598,919673543,48336
1350,919673583,6192
559,919673609,53781
1158,919673649,10306
330,919673651,98171
277,919673657,122331
1162,919673710,10194
1455,919673726,4569
1797,919673733,1770
2022,919673748,872
241,919673790,133589
1752,919673829,2060
323,919673832,100705
1738,919673867,2143
2583,919673874,81
2129,919673928,600
915,919673975,19942
499,919674010,61320
53,919674021,302726
1290,919674076,7113
646,919674114,41158
650,919674116,40639
1641,919674168,2783
2006,919674219,908
2134,919674271,594
1392,919674322,5449
421,919674348,75378
1197,919674366,9126
734,919674390,32704
2165,919674403,525
2643,919674427,40
587,919674437,50421
2176,919674462,505
305,919674494,107678
1488,919674514,4133
1503,919674566,3947
483,919674623,64112
1277,919674639,7400
398,919674691,81797
1136,919674703,11195
363,919674708,91554
1297,919674744,7015
542,919674755,55860
1140,919674781,11060
1358,919674823,6073
444,919674824,72146
2005,919674856,914
1436,919674865,4806
637,919674891,43012
1549,919674892,3458
2242,919674922,414
1890,919674943,1326
2498,919674965,130
1886,919674977,1345
836,919675098,25674
2079,919675107,720
2489,919675121,135
774,919675129,29973
292,919675172,115185
1849,919675219,1525
2664,919675284,31
919,919675352,19783
953,919675367,17537
1598,919675369,3076
1104,919675374,12364
97,919675394,220432
1391,919675416,5476
1556,919675435,3355
763,919675474,30722
2334,919675484,280
2680,919675492,25
1095,919675507,12799
1509,919675526,3896
1046,919675527,14301
2527,919675528,110
2130,919675529,600
1674,919675535,2538
509,919675545,60084
918,919675632,19819
2426,919675636,200
1154,919675670,10427
2008,919675675,902
1833,919675710,1619
152,919675717,177306
1483,919675734,4153
1557,919675792,3349
1619,919675799,2960
2061,919675811,765
1765,919675850,1987
1740,919675851,2136
1861,919675854,1440
227,919675869,138097
608,919675879,46610
1183,919675901,9458
687,919675945,37471
1445,919675953,4723
64,919675965,278119
434,919675971,73560
790,919675991,29145
2722,919676004,10
576,919676040,51597
1078,919676071,13352
1772,919676086,1915
2300,919676089,322
710,919676100,34910
1452,919676146,4629
1112,919676169,12089
2538,919676190,104
1508,919676202,3901
408,919676213,78339
141,919676224,182440
1778,919676346,1897
1400,919676414,5268
1642,919676436,2734
39,919676451,332602
79,919676453,241692
819,919676459,27120
1132,919676465,11252
10,919676476,483148
545,919676499,55418
928,919676583,19212
1571,919676602,3271
1684,919676631,2473
192,919676636,153259
1016,919676639,15365
1620,919676696,2956
1636,919676698,2814
129,919676700,196014
1813,919676717,1709
92,919676723,226416
1514,919676759,3827
1060,919676768,13801
2169,919676806,521
2520,919676823,117
2366,919676831,253
1346,919676837,6234
717,919676868,34719
740,919676877,32275
944,919676906,18241
1576,919676915,3248
155,919676932,174997
1407,919676937,5212
273,919676942,122960
422,919676945,74798
1370,919676959,5882
2560,919676960,91
1595,919677003,3090
165,919677016,168544
1572,919677081,3268
2462,919677139,170
1645,919677150,2722
2548,919677151,94
1863,919677165,1438
2321,919677180,295
1682,919677193,2478
640,919677244,42794
743,919677264,32089
362,919677287,91612
568,919677299,52856
771,919677302,30153
601,919677304,47880
1399,919677306,5278
2223,919677319,441
1694,919677320,2419
1639,919677323,2791
2569,919677365,90
2505,919677366,127
1896,919677377,1298
1899,919677381,1288
1310,919677388,6802
1745,919677392,2102
741,919677401,32237
1901,919677416,1255
577,919677417,51564
671,919677418,38688
458,919677423,69440
140,919677434,183449
1638,919677445,2803
1292,919677449,7090
845,919677458,24814
1412,919677483,5149
420,919677505,75862
1131,919677533,11272
697,919677558,36396
112,919677579,209043
595,919677588,48916
871,919677599,23133
1564,919677612,3295
983,919677659,16570
58,919677660,295474
361,919677677,91904
1433,919677685,4845
522,919677693,57824
460,919677698,68924
2553,919677699,94
1679,919677701,2496
504,919677720,60972
1698,919677729,2374
1369,919677733,5884
32,919677734,344918
868,919677790,23370
2424,919677801,200
103,919677822,215091
1584,919677823,3184
1581,919677828,3212
1853,919677829,1505
286,919677837,117879
2598,919677849,65
395,919677851,82168
328,919677864,98649
1208,919677865,8950
1283,919677887,7252
1008,919677896,15563
1101,919677899,12572
1820,919677907,1691
699,919677908,36224
137,919677937,184063
431,919677962,73923
1498,919677977,4027
984,919677982,16565
2515,919677984,119
664,919677987,39076
913,919677996,20000
224,919678009,138818
1165,919678032,10086
691,919678054,37013
1985,919678058,947
1534,919678067,3659
1558,919678106,3347
1529,919678109,3696
767,919678110,30641
2659,919678111,34
1214,919678122,8871
1255,919678125,7732
972,919678146,16978
1424,919678158,4965
980,919678160,16690
1205,919678164,8978
1291,919678172,7109
1098,919678176,12679
2364,919678180,254
1457,919678189,4567
1588,919678192,3163
1872,919678200,1396
528,919678207,57221
1676,919678217,2515
302,919678229,108979
1961,919678237,1020
922,919678239,19548
1723,919678245,2240
1471,919678264,4324
665,919678278,39038
1331,919678292,6558
1807,919678315,1741
870,919678317,23241
1597,919678326,3086
1720,919678329,2251
643,919678350,41819
1481,919678353,4187
2209,919678358,462
1991,919678361,937
1179,919678374,9585
2207,919678410,468
266,919678423,128104
1834,919678434,1617
2679,919678443,26
1689,919678444,2441
1524,919678447,3726
904,919678452,20383
1662,919678465,2585
1105,919678469,12323
1912,919678486,1219
1687,919678520,2443
503,919678524,61027
2714,919678530,14
1583,919678540,3190
2262,919678546,386
1696,919678574,2391
1184,919678582,9444
2085,919678593,707
1492,919678594,4083
1014,919678598,15379
2406,919678606,215
333,919678610,97336
1302,919678625,6912
271,919678632,123829
2157,919678633,548
812,919678641,27543
954,919678648,17522
2472,919678663,160
312,919678665,104677
2216,919678675,450
1232,919678677,8432
1671,919678690,2542
1216,919678716,8832
2725,919678723,9
1732,919678747,2188
2551,919678765,94
1252,919678777,7800
951,919678793,17600
1408,919678813,5212
2062,919678816,765
2210,919678828,462
2342,919678843,274
1246,919678848,8123
2610,919678854,60
682,919678855,37959
2097,919678871,674
1151,919678874,10689
1230,919678878,8439
1089,919678885,13095
1367,919678886,5914
2208,919678897,466
992,919678902,16131
1838,919678912,1586
1990,919678932,940
2203,919678936,474
1775,919678942,1904
638,919678974,43003
2001,919678982,924
2388,919678986,228
1040,919679003,14427
1156,919679004,10356
940,919679005,18609
1947,919679009,1102
2247,919679011,407
430,919679032,73974
2303,919679033,320
1993,919679043,936
1607,919679054,3009
2466,919679062,163
1309,919679074,6820
1210,919679095,8916
1869,919679101,1415
2715,919679104,14
2578,919679128,85
390,919679136,83108
1074,919679139,13403
1930,919679148,1162
1289,919679150,7137
1806,919679175,1741
2234,919679177,428
1610,919679185,2982
1272,919679188,7458
1161,919679189,10271
1895,919679194,1302
991,919679205,16183
1315,919679219,6700
989,919679232,16289
1708,919679233,2301
924,919679248,19510
1672,919679249,2540
1504,919679263,3940
1987,919679271,947
2627,919679275,49
525,919679288,57532
2311,919679303,306
2639,919679317,42
2172,919679321,512
1305,919679340,6842
1438,919679342,4786
1818,919679344,1695
1075,919679352,13397
1063,919679354,13751
2681,919679355,25
2531,919679356,106
487,919679357,63256
1084,919679363,13202
857,919679373,24120
1666,919679381,2576
2446,919679386,180
2244,919679387,413
855,919679410,24268
2192,919679418,490
1411,919679419,5153
896,919679421,21206
2451,919679424,176
2148,919679430,565
1604,919679439,3023
2522,919679443,113
1626,919679444,2924
1451,919679451,4643
805,919679453,28200
2599,919679458,65
1766,919679464,1970
1148,919679469,10748
1792,919679483,1794
1144,919679498,10873
1042,919679507,14409
2050,919679509,785
1295,919679510,7025
1057,919679517,13930
1491,919679524,4088
1285,919679526,7238
1744,919679535,2122
1482,919679542,4163
2063,919679546,765
2701,919679557,18
736,919679563,32499
1665,919679564,2577
1658,919679568,2612
1670,919679579,2552
572,919679581,52352
2337,919679586,278
921,919679590,19716
1193,919679592,9272
2034,919679597,840
2215,919679600,454
1160,919679630,10288
2638,919679632,43
1608,919679636,3001
1224,919679639,8621
2748,919679640,5
2080,919679642,718
669,919679645,38806
975,919679647,16867
2487,919679650,138
1814,919679652,1709
780,919679654,29737
2179,919679655,500
802,919679663,28367
1229,919679672,8474
1555,919679677,3368
1266,919679693,7641
1918,919679694,1200
1521,919679703,3773
1522,919679704,3750
2350,919679718,266
1537,919679724,3629
2433,919679725,189
1468,919679727,4361
2593,919679738,70
2736,919679741,8
2225,919679744,440
2237,919679746,421
2114,919679747,631
1615,919679748,2971
1364,919679780,5942
2745,919679783,5
1345,919679784,6244
410,919679785,77525
1005,919679791,15611
1774,919679792,1905
615,919679798,45486
1741,919679799,2133
1440,919679801,4764
1527,919679810,3699
1804,919679815,1742
2142,919679821,576
2214,919679822,455
1903,919679826,1254
1368,919679839,5898
2092,919679842,688
1931,919679851,1160
1939,919679852,1129
2155,919679859,557
1826,919679862,1652
2544,919679869,96
2058,919679875,769
1294,919679881,7045
2160,919679886,543
2075,919679922,731
2555,919679933,94
2322,919679934,295
347,919679937,94631
1737,919679946,2165
1695,919679958,2418
1231,919679984,8434
1173,919679994,9831
1250,919679995,7911
1914,919679997,1215
1592,919680001,3119
1996,919680012,929
1628,919680014,2904
729,919680015,32848
2086,919680017,704
2123,919680020,610
770,919680021,30155
1114,919680026,12066
2333,919680030,280
2088,919680031,697
2054,919680032,784
2755,919680043,4
2053,919680053,784
2199,919680065,483
1083,919680072,13221
1763,919680089,1995
799,919680099,28481
2475,919680104,154
1937,919680109,1138
1512,919680115,3840
2126,919680119,605
2177,919680124,504
1943,919680125,1114
2494,919680126,134
445,919680128,71336
2143,919680131,573
1226,919680135,8548
2678,919680136,27
2412,919680148,210
2365,919680153,253
2665,919680163,31
1374,919680172,5786
1780,919680189,1875
2348,919680196,268
1669,919680215,2561
2028,919680217,853
2257,919680229,390
2282,919680231,359
1634,919680235,2847
2120,919680239,612
2470,919680241,160
765,919680253,30678
1637,919680263,2811
2323,919680280,295
1959,919680304,1033
2267,919680308,378
2154,919680316,558
1979,919680322,972
2084,919680341,711
1823,919680348,1669
1946,919680360,1104
1711,919680371,2277
2672,919680375,30
1994,919680381,930
1126,919680385,11388
1220,919680390,8765
2567,919680395,90
1785,919680399,1854
2416,919680422,207
2568,919680426,90
2091,919680441,691
2611,919680444,58
1484,919680455,4153
2202,919680459,475
1919,919680462,1194
2587,919680469,80
2378,919680470,240
2021,919680475,872
1793,919680478,1790
1466,919680481,4417
2357,919680486,262
2026,919680489,867
1844,919680490,1565
2009,919680508,900
1500,919680510,4016
2389,919680527,228
1753,919680534,2059
927,919680538,19224
1129,919680546,11330
2031,919680548,850
2454,919680562,174
1118,919680567,11894
1417,919680575,5087
1377,919680592,5774
1852,919680595,1509
2290,919680596,338
2094,919680600,685
1268,919680601,7610
2252,919680607,397
1710,919680608,2278
2276,919680623,368
2016,919680641,890
1478,919680653,4211
2400,919680663,220
2457,919680670,172
1743,919680671,2123
1586,919680677,3169
2570,919680679,90
1631,919680698,2872
2264,919680705,380
1750,919680708,2083
2691,919680732,22
1883,919680739,1363
1505,919680741,3928
2201,919680761,480
2373,919680781,246
2685,919680782,25
1764,919680787,1993
1264,919680788,7658
1622,919680791,2945
1986,919680792,947
2478,919680797,151
1654,919680798,2631
2211,919680813,460
2027,919680825,864
2218,919680828,445
1152,919680837,10588
2648,919680848,40
2386,919680851,228
1480,919680863,4197
2712,919680876,14
2705,919680877,16
2070,919680881,748
1340,919680882,6325
1949,919680883,1095
2107,919680884,649
2106,919680887,655
1867,919680888,1421
1582,919680890,3202
1923,919680891,1181
1917,919680895,1201
1298,919680914,7007
1840,919680916,1582
2467,919680917,162
1473,919680918,4316
1110,919680919,12152
1925,919680925,1170
2490,919680929,134
2414,919680936,210
1627,919680958,2919
1100,919680969,12639
1616,919680970,2968
1757,919680972,2021
1651,919680977,2661
1971,919680999,988
2261,919681012,388
1799,919681016,1764
1934,919681018,1146
2541,919681027,99
1754,919681030,2052
2620,919681032,52
1528,919681034,3698
1200,919681040,9098
2182,919681058,498
1787,919681061,1831
1970,919681066,1000
2162,919681070,533
1776,919681074,1903
2383,919681075,232
2056,919681086,777
2455,919681094,174
2742,919681099,7
2245,919681118,412
1821,919681124,1675
2763,919681127,4
2124,919681128,609
1434,919681137,4838
2703,919681138,18
1321,919681144,6646
2658,919681145,35
2602,919681146,63
1573,919681159,3258
2670,919681161,30
1138,919681169,11088
1789,919681181,1826
2331,919681184,281
2299,919681190,323
2220,919681197,444
2066,919681203,758
1713,919681208,2272
2656,919681224,37
2501,919681233,130
2265,919681250,380
2450,919681256,177
1383,919681261,5670
2486,919681266,138
1673,919681273,2540
2449,919681275,179
2379,919681280,238
2181,919681311,499
1981,919681317,961
1935,919681322,1143
2408,919681348,213
1924,919681349,1180
2752,919681356,4
2312,919681357,306
2076,919681381,730
2468,919681385,161
2407,919681392,215
2684,919681400,25
1915,919681417,1211
1541,919681419,3540
2023,919681420,870
1599,919681423,3053
2562,919681425,90
1932,919681427,1152
2661,919681428,34
1982,919681437,960
2153,919681464,559
2235,919681465,422
2132,919681466,598
2393,919681472,226
1976,919681494,976
2135,919681496,590
2111,919681498,640
1858,919681504,1472
1811,919681508,1723
1968,919681513,1004
2518,919681531,118
1540,919681534,3551
2204,919681544,471
2674,919681548,28
2761,919681556,4
2413,919681562,210
2356,919681569,263
2588,919681577,80
2445,919681581,182
2700,919681584,18
1829,919681586,1631
2096,919681589,676
2605,919681599,60
2236,919681607,422
2469,919681614,161
2612,919681616,58
1936,919681634,1141
2320,919681636,298
2336,919681653,278
2275,919681660,368
2438,919681687,188
2591,919681693,76
2113,919681697,632
2206,919681709,470
2586,919681711,81
2069,919681713,750
2618,919681719,53
2546,919681722,95
2361,919681728,256
2352,919681734,265
1926,919681738,1169
2105,919681750,660
2533,919681753,106
2488,919681754,138
2161,919681770,534
2133,919681772,597
2363,919681773,256
2151,919681793,560
2631,919681798,46
2655,919681803,39
1958,919681833,1034
2325,919681841,288
2628,919681843,49
2604,919681868,61
1942,919681869,1116
1808,919681875,1734
2754,919681895,4
2646,919681919,40
2273,919681925,371
2758,919681951,4
2563,919681988,90
2327,919681994,285
2651,919682014,40
2362,919682038,256
2644,919682155,40
2641,919682205,42
