18,1674,340426
856,2851,20682
1411,9924,4618
1810,14314,1416
1147,58031,9023
829,60448,22975
729,67540,29640
1059,82220,12411
1317,87870,5918
1164,99118,8809
2444,99535,150
2139,113569,489
2017,114718,735
846,117337,21717
347,134698,81370
1673,162884,2165
2147,184850,480
1904,217335,1030
1700,223966,1984
23,230211,316191
1122,233122,9761
1568,239519,2823
520,244587,52701
38,250302,284457
719,278273,30569
442,278946,62403
517,281365,52995
1150,283735,8980
2171,284305,445
212,285984,124905
1848,305017,1290
1513,306976,3288
1040,321940,13011
817,329666,23822
229,330836,118489
2732,351946,4
2384,360528,198
316,407402,90009
723,425772,30055
1310,431402,5995
138,434730,154987
1044,438459,12854
2709,455314,9
678,471928,33796
1941,475208,924
924,479593,17221
1149,481127,8983
2281,487690,308
2551,494288,85
1771,507531,1634
1153,509100,8927
331,521059,84096
2626,531505,36
2020,560114,730
1357,576350,5229
786,603377,25305
825,632152,23173
2285,644784,305
1977,649335,840
1363,669166,5147
588,677733,43579
440,678429,62424
1404,681429,4706
859,687472,20527
670,707989,34683
501,715409,54670
2345,718135,235
1523,720432,3225
2377,739140,205
1470,741039,3801
910,745517,17724
1286,754579,6270
2741,767476,3
598,787499,42916
2591,793190,56
2509,801208,98
201,801236,129263
1467,808910,3824
185,829805,133529
1081,835314,11335
2585,843623,60
11,844828,367890
1132,846256,9430
1383,860712,4932
943,875767,16432
1642,876445,2340
1390,882635,4861
2707,890208,9
608,921611,41099
835,921727,22652
1012,928814,13908
227,930076,119009
75,932546,213603
1221,937429,7406
1555,939136,2953
812,946119,24038
2101,953333,545
2246,976772,352
1495,976826,3535
779,984642,26203
490,985327,55450
3,989168,610755
2027,995700,714
2236,1002313,360
1928,1012703,950
2619,1019564,40
1812,1039276,1400
1605,1087192,2540
794,1111807,24812
2378,1118419,202
954,1121324,15955
2364,1122447,217
2477,1127691,124
1589,1132052,2653
2629,1136057,36
1942,1143322,923
369,1148209,76531
2453,1152407,138
789,1193860,25111
1501,1194782,3440
2460,1197704,134
1030,1210050,13202
2631,1218856,34
1305,1237443,6057
1068,1248354,12088
1627,1252153,2442
852,1253176,21057
1909,1253460,1015
2334,1254038,249
2310,1268219,269
2446,1277975,147
1426,1278225,4280
970,1281265,15272
1744,1293347,1760
751,1301489,28369
1103,1312627,10469
133,1340067,158949
1151,1342751,8975
360,1349815,77690
329,1352700,85846
2659,1355462,24
1822,1368669,1378
280,1372733,99241
1331,1391043,5745
683,1402925,33250
499,1413055,54715
758,1433271,27471
2681,1449080,16
1165,1474592,8796
73,1481313,215375
2440,1492500,154
367,1501202,76792
805,1506532,24378
2279,1513889,311
2729,1517191,4
2248,1524197,351
45,1528181,260775
1345,1540375,5416
1892,1582489,1091
1980,1585618,838
1964,1600946,885
2576,1611882,62
198,1617886,129859
2230,1629992,370
2370,1635381,211
1820,1638639,1382
1271,1639551,6569
2646,1643892,28
76,1657009,212701
2719,1693305,8
303,1698438,92453
51,1703327,253845
326,1706204,86418
1836,1730767,1341
1856,1771427,1250
2121,1774549,504
2172,1787763,444
292,1789914,95241
81,1818317,207307
449,1823195,61122
1070,1825434,11874
2078,1827355,599
123,1857633,167157
2473,1870462,126
1064,1886612,12230
630,1889796,39113
2357,1897128,225
317,1897555,89975
1391,1909573,4846
1827,1911214,1367
2604,1916056,48
1082,1919009,11318
2439,1920830,154
857,1922760,20660
1354,1933905,5267
322,1943174,87372
101,1960243,186233
1858,1962125,1241
922,1962226,17303
2647,1962883,28
679,1971446,33771
734,1988640,29403
2113,1998535,513
990,2013236,14523
2327,2058770,254
266,2097499,105369
298,2098199,93307
2128,2102596,497
2684,2103983,15
399,2112120,70193
2242,2115578,356
2395,2124887,189
1656,2136580,2257
1078,2142758,11521
2537,2157141,90
2016,2158799,735
197,2177418,129895
243,2195832,111937
1591,2199935,2617
858,2200087,20553
1066,2210685,12145
1878,2212330,1151
2442,2212929,151
106,2215063,181057
1850,2217516,1283
155,2237844,142104
1020,2242830,13630
1069,2249171,11989
2429,2266720,161
1280,2279925,6452
2538,2292693,90
1825,2299062,1369
2740,2305899,4
847,2310646,21663
2238,2311071,359
334,2316170,83661
1943,2323298,916
2091,2326665,566
2492,2329446,110
705,2331988,31490
1639,2334296,2356
1028,2344147,13302
2319,2350754,264
1476,2359354,3739
2144,2366496,485
150,2373250,145916
2232,2378419,367
1802,2379513,1459
677,2383083,33864
686,2384823,32734
2119,2384837,507
1356,2385377,5239
2376,2389305,206
386,2390414,73016
2518,2396773,94
617,2397911,40474
1313,2401453,5969
1077,2402436,11586
502,2425222,54637
1507,2436856,3312
983,2444941,14689
819,2445106,23699
730,2445468,29614
2489,2452761,111
2386,2457333,197
160,2458509,139817
1214,2460127,7613
2063,2460335,626
1753,2460343,1730
100,2467363,186866
351,2468357,80165
1325,2470451,5797
1262,3855880,6659
1530,3855991,3168
2299,5273748,280
534,5276221,50779
1766,5277278,1670
443,5280953,62328
1760,5282681,1698
72,5286867,215493
2050,5291491,662
2588,5295749,57
2555,5296579,83
1705,5307371,1932
1279,5308328,6452
822,5314517,23429
140,5315856,153313
89,5322454,201035
61,5331533,237274
1921,5331568,976
2241,5335051,358
1509,5335955,3298
2175,5337570,442
1761,5352341,1696
2069,5357826,611
483,5358156,56517
585,5367443,43667
966,5368021,15418
2533,5378796,90
879,5379479,19154
233,5394998,115962
575,5400524,44949
17,5405016,351390
1819,5406133,1389
862,5407186,20287
728,5412047,29657
1842,5412059,1304
1582,5413918,2700
680,5416901,33427
2309,5424497,270
318,5432494,89876
816,5439021,23848
244,5453280,111836
1814,5455467,1394
1436,5459484,4150
103,5461706,182385
697,5475102,31753
1074,5478519,11692
875,5478868,19354
466,5481259,58070
2361,5492249,220
385,5492317,73125
1224,5496868,7390
151,5498922,144212
120,5508452,168962
675,5511795,33949
2026,5515895,714
2237,5518598,359
1890,5520040,1097
2471,5522703,127
1472,5547958,3780
411,5551228,68743
507,5562332,53952
2380,5569980,201
2086,5609458,578
62,5621189,236157
359,5635912,77804
1807,5644538,1439
529,5663655,51420
2535,5674565,90
692,5692316,32159
261,5695735,106427
1010,5704739,13964
78,5712664,211652
408,5721190,69069
1135,5738024,9414
688,5743109,32579
1734,5797008,1794
1691,5832818,2016
1018,5859477,13707
2056,5880419,640
1045,5915725,12846
757,5917753,27622
1888,5923347,1112
958,5928148,15831
998,5936300,14274
1112,5938566,10149
1773,5953754,1629
920,5980710,17410
215,5981987,122934
2153,5985413,470
2605,5990777,47
439,6002140,62999
287,6002698,97163
2260,6013902,334
493,6025096,55248
337,6056898,83336
2054,6059712,645
554,6073491,48065
2259,6077522,334
2077,6104574,599
616,6109400,40586
2488,6109561,112
2011,6116494,745
2072,6117927,607
348,6118206,81108
457,6123353,59836
2560,6123735,80
2332,6129205,250
2177,6137967,440
2197,6158537,416
2534,6166962,90
1649,6174272,2279
2462,6181487,132
627,6192372,39350
523,6194113,52311
2622,6197419,40
1797,6202008,1509
47,6202142,259776
129,6214450,161369
245,6215720,110874
863,6218032,20197
205,6225864,128244
2595,6226204,52
746,6237737,28611
37,6240341,287463
327,6248603,86339
389,6249893,72539
2015,6258019,738
467,6280562,57835
2651,6284881,26
177,6285740,135702
268,6299615,103895
2618,6320306,40
941,6345427,16487
1416,6345646,4478
2130,6348137,496
893,6352466,18609
444,6369282,61976
1277,6378835,6509
1216,6383934,7524
2573,6384174,63
382,6398827,73702
1620,6415860,2482
2303,6415980,274
2215,6424698,389
2052,6445694,655
2548,6463056,87
16,6463824,354994
1397,6472363,4805
2531,6478771,90
1471,6508561,3788
2665,6513727,21
29,6518098,302222
2738,6520151,4
667,6547209,34829
581,6556661,44163
2682,6560556,15
618,6566724,40376
1372,6568227,5042
724,6577953,29992
1595,6578558,2593
685,6589858,32821
2059,6601930,634
1043,6607121,12902
2247,6610861,352
578,6622295,44428
1593,6628560,2604
1540,6628746,3088
1312,6630993,5991
787,6639240,25195
1089,6645459,11053
1758,6669073,1706
1375,6675048,4999
908,6675895,17913
2731,6681377,4
1298,6681927,6170
2511,6691471,98
2233,6694128,365
1775,6701185,1624
1579,6707963,2726
538,6709405,50418
1784,6710706,1574
225,6714301,119642
1367,6715913,5121
1731,6724579,1821
2569,6727001,68
1743,6734663,1760
2348,6751342,231
702,6769480,31631
1823,6787690,1378
94,6792718,196277
628,6793094,39304
1001,6849012,14241
1230,6851184,7303
1669,6851871,2176
612,6864913,40789
48,6874321,259493
332,6880461,84052
945,6880739,16381
2676,6881645,18
1724,6892754,1868
2089,6901102,568
2552,6914999,85
2160,6932958,459
2070,6938548,610
193,6943434,131356
434,6944735,64551
1916,6946038,992
2642,6951126,30
808,6953628,24220
383,6965133,73252
237,6969263,112960
2125,6979129,500
792,6980098,25006
1603,6985486,2552
1414,6993201,4518
2030,6993667,709
593,7006928,43070
2257,7007322,336
2127,7008466,498
2475,7021764,124
851,7026842,21236
712,7027072,31201
1073,7028803,11722
1133,7031256,9428
2479,7036812,120
622,7037587,39685
395,7041608,70619
1297,7052444,6189
474,7069218,57424
2131,7074510,496
1769,7075492,1652
447,7076272,61357
296,7077724,93462
43,7090866,274653
1204,7091672,7725
343,7098091,81827
1574,7098151,2790
2001,7105869,762
804,7108645,24434
2363,7115013,218
518,7116649,52917
504,7119547,54264
637,7123081,38315
1635,7130396,2388
1182,7141726,8393
1967,7145860,880
2255,7154218,337
2270,7158102,321
1268,7158935,6582
1551,7159909,2978
1386,7161081,4918
202,7161805,128929
547,7171747,49003
97,7173852,190651
931,7174654,16903
1969,7186632,868
175,7197739,136378
978,7200151,14859
109,7204231,179906
2342,7206600,240
1324,7215972,5823
1671,7216284,2169
2666,7245181,21
1652,7255924,2264
473,7261950,57563
843,7264198,22031
886,7265295,18867
785,7268560,25502
2599,7269203,50
255,7270052,108335
1374,7270458,5003
1072,7270627,11775
2407,7272707,183
2705,7283130,9
2043,7284151,670
995,7292557,14359
938,7299229,16533
2262,7299955,333
2558,7300046,81
1115,7307468,10048
2644,7308635,30
1235,7319349,7177
706,7324242,31465
158,7328177,140793
1464,7331047,3827
796,7336667,24787
704,7336820,31541
1902,7336822,1038
1901,7337764,1054
437,7338171,64109
2355,7345027,227
82,7345262,205668
1174,7358666,8483
666,7361930,34836
2713,7367571,9
2615,7370821,40
1662,7380225,2232
234,7386275,115321
803,7386345,24493
166,7397491,137931
2256,7403536,337
267,7419675,104560
77,7420245,212225
773,7441153,26375
1185,7445223,8362
689,7455580,32413
1473,7456494,3779
2554,7462113,84
1561,7468538,2909
58,7470466,239704
288,7471725,96856
1142,7488710,9133
251,7496217,109259
1738,7497923,1774
289,7499372,96558
2254,7500628,337
569,7515203,45466
1118,7515409,9827
2502,7519275,104
524,7525596,52229
2099,7526119,549
774,7526451,26363
1804,7530933,1454
1469,7538345,3802
902,7544065,18173
761,7544289,27138
28,7553079,304465
1076,7555380,11622
148,7565517,146487
546,7568417,49048
733,7576357,29406
117,7578076,172727
921,7580711,17403
428,7583767,65397
563,7584394,46524
838,7591791,22274
1207,7592481,7681
196,7595641,130028
586,7613127,43634
1085,7613679,11242
531,7617585,51103
2592,7617777,56
2145,7620647,484
1054,7621961,12631
510,7623076,53646
1663,7629317,2222
276,7630883,100305
742,7633305,28986
1401,7652376,4753
927,7660551,17112
1492,7664914,3594
2388,7670231,196
2210,7672576,392
1208,7681173,7678
684,7694658,32996
1790,7705390,1546
2120,7705905,506
80,7710033,208679
980,7712902,14776
44,7713240,271767
279,7713829,99681
1690,7724041,2026
1521,7726777,3246
15,7729811,356373
1349,7732861,5342
353,7743680,79791
96,7744489,193761
1857,7745268,1250
553,7748647,48120
1592,7756131,2606
24,7756287,309266
1163,7771835,8817
221,7772652,120994
364,7776606,77236
2287,7788105,300
635,7789403,38677
594,7794839,43047
1957,7795075,896
1475,7795595,3748
2039,7798280,685
168,7798905,137488
2273,7800270,318
647,7802737,37223
1503,7805778,3405
475,7812735,57338
1516,7816327,3279
2742,7818634,2
2598,7819335,50
2294,7822363,286
2338,7822831,244
2383,7822946,200
844,7826162,21821
1021,7836663,13600
748,7838993,28518
972,7840724,15157
1288,7846723,6252
1681,7848167,2092
1125,7851496,9609
486,7852894,56092
2434,7855023,160
1860,7882068,1232
1351,7882542,5294
1965,7883261,884
898,7891981,18248
113,7894748,176866
2174,7897715,443
1958,7901525,894
315,7902972,90478
1880,7907783,1136
1613,7911522,2506
99,7917957,187750
1643,7918904,2330
42,7919252,274733
79,7925813,210109
273,7926463,101888
159,7928063,140389
7,7928191,448269
1898,7928213,1055
295,7929307,94215
901,7930660,18207
242,7930966,112003
754,7932995,27814
186,7935327,133497
795,7935380,24792
1252,7936363,6745
2134,7937431,494
2708,7938402,9
624,7938454,39607
997,7939766,14335
1226,7941200,7368
1896,7946098,1066
2735,7948942,4
1728,7949585,1841
2662,7953644,22
1274,7954351,6551
300,7955706,92685
2402,7958849,186
2546,7959066,90
426,7962906,65781
2087,7968088,575
206,7971160,128202
2251,7972378,341
2583,7972592,60
2277,7973234,315
2607,7973283,44
1256,7980345,6705
933,7985017,16698
2541,7988164,90
765,7988561,26938
163,7993055,139086
911,7996883,17642
102,8004090,184720
2436,8009241,157
459,8011523,58702
2055,8014228,641
2403,8016061,186
2401,8016440,186
1247,8016533,6889
842,8018043,22089
2022,8026796,722
224,8030244,119855
152,8032736,143592
1981,8033118,833
1385,8035488,4925
247,8039359,110189
923,8046309,17249
1419,8049653,4410
1314,8052104,5948
1646,8055630,2306
1484,8056064,3683
2405,8061834,184
1787,8063189,1557
2639,8065163,30
914,8067986,17553
867,8068764,20021
1348,8072449,5348
1995,8075893,768
2212,8079682,390
484,8081876,56371
1024,8084002,13354
1316,8084460,5933
919,8088214,17411
1294,8092491,6223
701,8093791,31638
482,8095624,56629
793,8103929,24834
1139,8112477,9261
671,8113308,34434
589,8114138,43446
1213,8114578,7628
2280,8118652,309
815,8119092,23950
632,8122077,38907
394,8129506,71006
1783,8130761,1575
745,8133871,28800
2205,8138333,398
1272,8140032,6562
676,8140909,33880
492,8141122,55265
278,8142957,99832
1704,8146712,1937
190,8152033,132084
1920,8152723,981
682,8155255,33348
1455,8157736,3987
2331,8159821,252
1026,8163547,13345
2672,8167983,20
41,8173129,275437
220,8176904,121142
1410,8177496,4625
557,8179733,47722
2601,8182007,49
2483,8188583,118
2465,8189188,130
937,8189335,16561
2574,8190184,63
2195,8195416,418
231,8196033,117392
2517,8208606,94
561,8216961,46732
2491,8219045,111
2530,8225511,90
533,8225569,50907
169,8228577,137344
199,8229942,129667
827,8232175,23128
2734,8232749,4
1640,8233593,2349
811,8234151,24045
1487,8239224,3661
738,8239230,29241
1388,8241894,4877
2292,8245039,291
1025,8259367,13353
1818,8265197,1389
711,8269713,31203
219,8270061,121682
1886,8279671,1114
572,8282944,45141
2245,8289186,353
1659,918632131,2250
344,918633648,81636
93,918634053,198989
10,918635654,432584
46,918641814,260519
2092,918643958,566
2456,918645510,134
1376,918650702,4996
2208,918657251,395
70,918658041,220051
1718,918659195,1893
1446,918668369,4066
1865,918674871,1203
583,918675815,43696
290,918677427,96457
8,918679104,441558
993,918679452,14413
249,918687397,109925
461,918691034,58228
453,918692207,60564
708,918697738,31411
889,918709194,18833
1259,918721142,6694
1791,918724758,1532
104,918727106,181772
1083,918728757,11307
961,918735770,15600
33,918740153,297517
763,918745846,27059
20,918747421,336780
673,918748718,34082
2073,918748966,605
890,918748991,18769
1380,918749575,4958
744,918750983,28934
2582,918752947,60
1583,918754753,2696
183,918760289,133737
1527,918760731,3175
1959,918763083,893
306,918768399,91923
2321,918770852,260
2608,918774067,43
1515,918774939,3282
1600,918781906,2562
489,918788394,55483
1667,918793084,2190
854,918796938,20852
285,918797136,97698
953,918799275,15972
2523,918801947,94
739,918805004,29207
636,918811436,38606
2337,918824876,245
909,918826287,17750
1847,918826725,1290
870,918827676,19840
1002,918830401,14222
2476,918831829,124
397,918833796,70289
424,918850381,65895
592,918853616,43249
1049,918854353,12696
956,918858345,15842
2049,918860028,662
1116,918861014,10021
281,918861343,98463
92,918865516,199041
147,918866300,147203
868,918868019,20000
567,918881485,46234
619,918883343,40184
211,918884147,125080
807,918887337,24331
149,918888095,146464
731,918891459,29580
1440,918894244,4130
497,918897113,54908
1715,918899128,1902
766,918904653,26918
1327,918906100,5781
210,918912283,125404
2718,918914217,8
161,918915418,139576
2293,918919422,288
1399,918921168,4767
2627,918925473,36
305,918926593,92154
463,918931878,58215
12,918935461,366182
1160,918938240,8838
2412,918943292,175
2701,918944164,10
2409,918951992,179
1180,918953116,8421
438,918960333,63320
366,918965668,76820
85,918969432,204020
1931,918970760,945
1508,918971979,3300
1697,918974055,1995
416,918974927,67034
1765,918975725,1673
1157,918981591,8872
2603,918994452,49
2122,918995533,502
271,918997442,102799
602,919003103,42044
405,919003560,69330
311,919003753,91102
481,919004828,56676
2640,919006231,30
2306,919006844,270
2697,919007264,12
50,919007962,258071
422,919010030,66560
172,919010919,136714
861,919019553,20403
1684,919021554,2077
2161,919024563,458
400,919034272,70031
1188,919034303,8302
2418,919035212,170
115,919035681,173732
390,919040201,72377
112,919043012,177508
208,919045081,126643
2481,919049243,118
897,919049507,18284
338,919049946,83148
1979,919051186,840
1187,919052932,8302
1498,919054917,3518
2611,919056617,42
1206,919058543,7690
2235,919063167,360
2613,919063641,41
2295,919068105,286
2667,919070838,20
5,919071304,560871
1088,919071826,11136
2668,919074988,20
124,919076275,166211
892,919078641,18641
940,919079409,16507
1752,919081515,1733
324,919086338,86731
14,919086475,356924
530,919086743,51159
2411,919087149,175
1307,919088358,6037
806,919095909,24353
1181,919102044,8394
1932,919103648,940
226,919106936,119588
2228,919108454,375
840,919108690,22179
153,919110311,142832
127,919112793,163305
1460,919114766,3917
1951,919115656,904
2694,919117101,13
2522,919120440,94
309,919123116,91548
2340,919126210,242
1544,919131132,3025
830,919132810,22813
2597,919133911,50
669,919134078,34732
968,919135465,15387
406,919135734,69317
942,919137067,16443
142,919138556,152034
613,919141077,40744
6,919141241,551034
665,919143378,34852
1265,919147265,6606
2014,919149732,739
64,919150017,234108
365,919152881,76870
1170,919152884,8623
1984,919153242,811
2525,919157746,91
864,919157912,20193
986,919159342,14651
320,919161937,89355
1841,919163250,1308
132,919165510,159289
31,919167999,300357
1119,919169245,9824
828,919172893,23123
582,919172954,44008
427,919176863,65667
1550,919177596,2998
1058,919179939,12451
974,919185307,15091
2081,919187189,589
1309,919189655,6010
988,919192199,14592
814,919192834,23956
1007,919193514,14098
299,919195590,93107
1176,919197755,8474
425,919199920,65871
2417,919202652,171
2223,919205039,379
584,919205488,43685
736,919212509,29332
755,919215145,27718
609,919216764,41052
614,919219455,40673
2648,919221843,27
2276,919223603,316
2029,919223923,713
240,919225129,112210
4,919225797,563106
238,919226027,112924
141,919228703,152504
549,919233657,48801
1524,919234470,3219
984,919237182,14673
1956,919238418,896
340,919242910,82671
2143,919246491,487
1566,919246576,2855
741,919247421,29068
2186,919248818,435
2472,919248872,126
1056,919253374,12569
195,919255708,130591
52,919256452,252206
1821,919257511,1381
1729,919258446,1827
2663,919261455,22
2455,919261995,134
1004,919262632,14160
354,919263096,79779
1051,919269696,12679
319,919271570,89451
1895,919272943,1078
1285,919275859,6317
13,919282327,357493
1148,919282787,9009
1655,919283263,2259
1270,919283831,6572
2107,919286022,524
508,919286165,53863
125,919290491,165173
1254,919291733,6735
771,919292360,26575
228,919295773,118890
532,919296151,50983
939,919296234,16516
1063,919297177,12235
620,919297873,39972
1914,919298123,1002
1258,919298578,6694
601,919299192,42437
784,919300656,25588
1415,919301299,4492
604,919303001,41636
1443,919303005,4074
403,919303499,69505
63,919303973,235733
2234,919304212,361
1989,919304517,785
1833,919305423,1353
973,919305909,15092
1636,919306592,2379
2224,919307009,378
668,919307382,34787
967,919308506,15397
179,919309191,134634
304,919309365,92213
2720,919309370,7
1281,919310905,6430
34,919310996,293785
1511,919311036,3295
1067,919312339,12127
1300,919312498,6159
1334,919312760,5698
2710,919312897,9
996,919314262,14356
2448,919316868,144
2040,919316972,675
1029,919318363,13267
239,919320368,112228
643,919321520,37832
1095,919321523,10910
1922,919322625,974
144,919324627,151702
590,919326917,43420
204,919327217,128524
1502,919330535,3425
54,919332810,247027
232,919332907,116056
1832,919333631,1357
1233,919335087,7239
513,919335578,53514
1710,919336127,1911
1816,919336665,1392
778,919337355,26224
646,919337576,37420
487,919337580,56001
959,919339393,15774
1229,919341113,7322
544,919341632,49335
1619,919341748,2484
2007,919342675,752
2181,919342874,439
2300,919343204,279
134,919344608,157854
1703,919344681,1945
2278,919345689,312
1447,919346680,4041
626,919347958,39387
2628,919348038,36
570,919349061,45260
542,919349407,49570
194,919349805,130704
649,919351274,36988
681,919351310,33385
876,919351392,19301
1813,919353845,1394
1365,919353886,5136
985,919358298,14652
918,919358913,17439
1706,919359328,1932
2562,919359444,76
1950,919360653,905
2105,919361562,524
2589,919361817,57
336,919361944,83459
2529,919362028,90
1746,919362198,1751
965,919364556,15556
2350,919366769,228
207,919367562,127526
1633,919367711,2400
362,919371696,77394
450,919373419,61111
1587,919374603,2672
1451,919375506,4017
645,919375831,37703
1421,919377849,4351
335,919381243,83581
717,919381352,30644
346,919381653,81517
39,919381931,283221
451,919382364,61092
1518,919385006,3266
1276,919385699,6520
2021,919385804,728
417,919385980,66978
2641,919387079,30
2563,919389988,71
252,919390316,108535
2450,919391900,139
1108,919392682,10301
1128,919395926,9508
1420,919397595,4408
418,919397859,66932
284,919400530,98019
1918,919407157,982
1881,919407394,1130
587,919407835,43617
2467,919408214,130
2670,919411933,20
952,919412218,16055
165,919412230,138005
1019,919413126,13664
930,919414837,16956
1340,919415180,5500
2148,919415785,476
2013,919416722,740
1140,919416871,9211
333,919416900,84014
1618,919417026,2487
694,919417093,31970
860,919417201,20516
2352,919418039,228
2425,919419030,165
157,919419209,140795
2198,919419243,414
1499,919421097,3486
1381,919421290,4944
1631,919422382,2433
1538,919424594,3093
661,919424670,35457
1039,919426386,13039
737,919426494,29331
69,919426945,220391
500,919428453,54715
2716,919429393,8
1996,919429509,766
1093,919430533,10998
777,919430675,26249
767,919430945,26789
265,919431408,105486
1529,919431992,3174
1428,919434406,4248
259,919435708,106704
1689,919436342,2041
472,919436407,57604
2677,919437918,18
342,919438374,82164
2375,919438784,206
1201,919438961,7939
1337,919439534,5596
1867,919439740,1192
1430,919440484,4210
253,919440492,108492
1666,919443064,2195
429,919443928,65297
1924,919444359,965
2500,919445885,106
957,919446380,15838
2169,919447338,447
1373,919447647,5010
1384,919447659,4929
95,919447923,195602
32,919448953,299351
1387,919450079,4881
1152,919450534,8964
2637,919450802,31
446,919451099,61720
1079,919452694,11381
2209,919452773,394
1191,919452784,8226
274,919452834,101520
181,919453825,133846
2712,919454965,9
182,919454997,133745
1653,919456258,2262
264,919457328,105493
323,919458056,86971
1497,919458455,3531
1882,919458561,1125
302,919458699,92460
2152,919458740,470
2620,919459988,40
368,919460217,76717
1071,919460723,11836
1590,919461836,2639
1223,919462242,7394
301,919463152,92613
651,919463268,36729
791,919463873,25014
1985,919464204,800
2180,919464931,440
850,919465771,21350
435,919465948,64237
944,919467169,16384
1209,919468264,7667
769,919468390,26611
2194,919468683,418
2512,919469170,96
2695,919469388,12
1840,919469395,1310
917,919470409,17466
1477,919471299,3734
254,919471506,108489
2544,919472305,90
672,919472547,34260
2240,919472596,358
156,919473031,141091
1808,919473115,1430
1227,919473871,7362
114,919475862,173927
22,919476182,318789
2110,919476404,519
527,919477105,51846
91,919478383,199416
2416,919478405,171
2346,919478766,234
2204,919479204,404
2507,919479233,100
1050,919479277,12690
122,919479335,168090
1296,919479556,6189
2305,919480237,271
1091,919480767,11017
40,919480858,282564
2493,919481090,110
119,919481658,171615
1556,919482274,2949
511,919482342,53575
644,919482725,37762
1287,919482897,6259
2696,919483437,12
137,919484390,155584
2415,919485527,172
610,919485541,41020
759,919485619,27252
2214,919486715,390
192,919487568,131593
1278,919488488,6485
1935,919488713,937
1260,919488884,6690
1015,919489344,13755
981,919490009,14713
2114,919490068,513
1759,919490624,1705
1973,919490652,851
380,919491129,74025
2565,919491436,70
1611,919491921,2532
203,919491943,128562
2693,919492891,13
699,919493400,31724
564,919493663,46483
1610,919494307,2534
2111,919494506,518
571,919494803,45157
2686,919495065,15
1788,919495093,1556
2527,919495203,91
2504,919495999,104
2549,919496310,85
1013,919497196,13830
1843,919497387,1303
2185,919497725,435
1016,919497949,13741
2542,919498329,90
2679,919498476,16
2691,919498652,13
2737,919498829,4
30,919499537,300367
131,919500019,160028
1398,919500383,4775
2308,919500714,270
216,919500783,122922
1155,919500807,8892
59,919501106,238822
377,919501224,74565
1947,919501248,908
1329,919501887,5776
2061,919502368,630
2419,919502671,170
1031,919502744,13199
396,919503117,70461
108,919503826,179921
1225,919504302,7377
1080,919504619,11342
2728,919504709,4
603,919505229,41757
1456,919505440,3949
345,919506344,81605
2468,919506662,130
1692,919506664,2013
1156,919506682,8873
660,919506980,35596
710,919507252,31342
436,919507501,64195
1939,919507775,924
1927,919507993,952
775,919508429,26359
2188,919508657,431
955,919508839,15852
1872,919509047,1186
883,919509173,19012
526,919510539,52084
2106,919510964,524
1955,919511091,898
1009,919511276,13973
2714,919511354,9
1129,919511606,9471
1138,919511849,9289
2132,919511972,495
884,919513274,19008
1124,919513602,9675
521,919513868,52686
639,919513974,38256
1172,919513995,8577
2445,919514358,149
188,919514563,132712
515,919515291,53130
1048,919515578,12744
1034,919515891,13151
519,919516208,52845
2044,919516849,669
235,919516977,114974
698,919518737,31731
1779,919519206,1603
887,919519260,18854
2219,919519408,382
2577,919519434,61
1694,919519557,2009
275,919519870,100609
1355,919520048,5263
1075,919520526,11650
1903,919520714,1035
1427,919521085,4262
1569,919521558,2819
376,919522187,74817
2567,919522214,68
379,919522275,74134
2486,919522370,116
732,919522398,29423
361,919523042,77652
83,919524151,205471
293,919524347,94836
2065,919524568,623
1625,919524831,2451
1263,919524844,6627
269,919525065,103861
832,919526327,22727
1293,919526826,6231
2706,919526914,9
35,919526994,292532
1251,919527224,6796
1616,919527963,2499
1864,919528076,1209
662,919528106,35326
2498,919528263,106
1709,919528387,1917
2142,919528830,488
1534,919529093,3121
423,919529714,66121
1644,919530077,2330
2083,919530091,585
2096,919530128,560
2286,919530603,304
2353,919531526,228
687,919531705,32647
1897,919531709,1066
2733,919532106,4
1335,919532260,5691
1837,919532342,1338
222,919532449,120816
2726,919533603,5
1038,919533743,13045
1586,919534069,2677
1911,919534072,1011
1306,919534368,6038
1737,919535026,1775
2703,919535536,9
1261,919536505,6667
1175,919536532,8475
1781,919537329,1584
566,919538523,46372
1828,919538538,1366
371,919538761,76152
853,919538771,20943
764,919539061,27051
1560,919539209,2911
1184,919539522,8363
479,919540924,56795
462,919541054,58225
2183,919541378,436
460,919541772,58462
1536,919541986,3108
726,919542465,29885
652,919543626,36523
191,919544837,131635
1234,919544888,7197
658,919545222,36039
2397,919545736,188
496,919545854,55076
2244,919546843,354
1747,919546929,1748
1687,919547252,2045
2207,919547380,396
1344,919547529,5446
899,919547850,18246
1448,919548757,4028
1144,919548837,9109
1585,919548876,2680
849,919549044,21357
1098,919549162,10767
145,919549363,150963
1289,919549636,6247
393,919549672,71540
2617,919549783,40
2396,919550498,188
2137,919550516,493
1584,919550681,2690
896,919551576,18516
2406,919551648,184
1682,919551817,2090
2090,919552223,566
2263,919552542,331
753,919553320,27964
663,919553478,35129
2133,919553921,494
1120,919554004,9810
2064,919554262,626
430,919554358,65036
783,919555073,25598
506,919555140,54040
925,919555330,17143
1912,919555573,1005
934,919555795,16690
1494,919555942,3572
1438,919556057,4137
356,919556460,79453
313,919556782,90771
171,919556949,136769
1708,919557391,1918
2282,919557965,307
1630,919558092,2434
2347,919558854,232
230,919558897,118017
1594,919559054,2599
118,919559325,172081
2553,919559904,84
1333,919560357,5723
1042,919560381,12932
656,919560389,36166
903,919560606,18159
573,919560810,45121
951,919560981,16083
1136,919561268,9364
471,919561270,57667
66,919563321,224283
976,919563397,15066
1219,919563475,7429
2243,919564318,354
49,919564968,259234
2275,919565179,316
1657,919565264,2257
580,919565367,44288
116,919565561,173320
2447,919565976,145
1468,919566760,3824
1370,919566917,5065
1533,919567183,3153
209,919567222,125869
1197,919568324,8045
1767,919569040,1666
1899,919569186,1055
1311,919569257,5992
213,919569974,123382
154,919570966,142804
2141,919571170,488
1368,919571442,5106
1364,919572207,5147
1993,919572469,772
1578,919572556,2729
813,919573444,23964
1573,919573610,2798
2339,919573760,242
1432,919574180,4176
2218,919574487,384
1654,919574729,2260
2296,919575115,284
2314,919575131,266
1740,919575881,1765
2484,919576231,117
1417,919577171,4459
514,919578613,53407
1926,919578877,958
2033,919579161,704
413,919579659,67956
2369,919579900,212
1869,919580034,1188
1437,919580545,4145
1445,919580569,4071
1982,919581404,825
2356,919581410,226
2744,919581750,1
1800,919581872,1472
979,919582307,14783
690,919582499,32381
781,919582775,25762
1632,919582918,2428
797,919583516,24753
2272,919583714,319
709,919583739,31350
2062,919583903,629
2723,919584239,5
1719,919584632,1891
498,919584735,54765
977,919584884,14866
2135,919585105,494
2318,919585292,264
1485,919586410,3671
111,919586471,178020
1005,919586903,14136
565,919587443,46427
2116,919588258,511
1975,919588262,848
27,919588934,305188
1422,919589034,4330
631,919589047,39081
780,919589271,26046
2698,919589312,11
1167,919589344,8674
1826,919589505,1369
2118,919589893,508
477,919590161,56937
2385,919590357,198
1145,919590425,9060
1244,919590446,6942
2067,919590631,617
200,919591071,129561
1065,919591125,12225
1862,919591275,1216
1022,919591876,13598
262,919592433,106063
2034,919593295,700
1851,919593463,1278
391,919593699,72139
1395,919593885,4832
1169,919594228,8642
1542,919594368,3035
872,919597087,19762
1986,919597258,796
1087,919598410,11163
1159,919598452,8850
1972,919598555,853
904,919598572,18064
865,919599130,20178
1210,919599218,7662
1815,919599486,1393
357,919599818,79266
1829,919600216,1366
2557,919600304,81
1695,919601440,1996
1444,919601666,4073
2268,919602192,322
2045,919602646,666
703,919603323,31594
1299,919603640,6169
2211,919603936,390
1670,919603946,2170
1301,919604121,6158
476,919604228,57140
1302,919604513,6146
139,919604517,154401
2046,919604761,664
696,919605025,31758
574,919605619,45018
2669,919605840,20
470,919606338,57731
1195,919607052,8137
720,919607584,30254
735,919607677,29389
2189,919607690,430
1908,919608030,1016
2420,919608176,170
2025,919608502,714
1267,919608549,6591
749,919608920,28502
1562,919609981,2901
715,919610048,31013
2302,919610311,276
1736,919610896,1784
378,919610973,74434
187,919612051,133003
2478,919612317,120
110,919612331,178822
2288,919613260,300
310,919613340,91188
540,919613389,49818
126,919613519,163453
36,919613742,289986
1725,919613935,1867
1824,919614195,1371
1661,919614225,2239
407,919614425,69108
801,919614564,24578
1097,919614650,10852
260,919615066,106436
760,919615180,27205
1190,919615293,8232
932,919615431,16769
1496,919615432,3534
1514,919615833,3287
130,919616231,160205
2009,919616943,748
2494,919617118,110
836,919617895,22534
2683,919618196,15
2461,919618607,133
2184,919619070,436
809,919619714,24193
2699,919619857,11
373,919619860,75711
2053,919619927,645
1405,919620196,4668
1716,919620270,1901
414,919621292,67673
949,919621473,16125
1,919621546,624149
1997,919622159,765
420,919622278,66765
2264,919622326,328
478,919622839,56898
1564,919622949,2870
495,919623228,55081
1770,919623237,1642
541,919623853,49695
960,919623867,15691
2424,919623927,166
1228,919624040,7360
223,919625456,120510
1341,919625533,5499
1418,919625730,4452
2203,919626092,406
713,919626378,31169
415,919626398,67456
248,919626731,110064
1035,919626778,13127
1463,919627330,3893
1537,919627597,3094
1615,919627661,2501
270,919628287,102996
1835,919628909,1342
1017,919628942,13734
999,919629389,14268
1378,919629698,4977
2745,919630209,1
591,919630683,43397
756,919631721,27673
25,919632698,309013
1845,919632971,1299
2520,919633018,94
1205,919633298,7691
891,919633488,18664
820,919633911,23692
339,919634874,82796
1638,919636382,2372
640,919636898,37989
1887,919637009,1113
349,919637041,80477
536,919637270,50687
469,919637426,57752
2459,919637496,134
1805,919638418,1442
431,919639368,64872
653,919639466,36520
1189,919639575,8300
2506,919640001,100
1987,919640508,787
2036,919641264,692
57,919641517,239932
363,919641554,77363
2136,919641594,493
84,919641647,204911
802,919641656,24575
256,919641692,107839
2372,919641777,210
1266,919643015,6593
1520,919643030,3247
1875,919643166,1165
410,919643253,68748
1702,919643366,1967
328,919643711,85983
178,919643814,134690
1960,919643890,893
1763,919643996,1694
294,919644252,94637
621,919644381,39891
2671,919644420,20
1853,919644441,1255
2704,919645042,9
2594,919645088,53
1789,919645414,1554
2066,919645612,622
1861,919645804,1230
1801,919646077,1470
707,919646503,31450
1552,919646596,2976
1799,919646689,1474
2187,919646879,434
2596,919646883,52
1202,919647005,7762
1907,919647046,1019
841,919647298,22118
987,919647707,14617
388,919647719,72591
1041,919647810,12940
1389,919647865,4877
539,919647893,50011
512,919647964,53542
2399,919648197,188
1237,919648407,7121
1192,919648538,8224
2075,919648648,603
74,919649009,213815
1186,919649033,8346
2095,919649629,562
9,919649890,438398
454,919650249,60252
1870,919650363,1187
1062,919650368,12299
625,919650568,39460
1338,919650836,5582
241,919650882,112130
1741,919650897,1765
1283,919651579,6413
1665,919651581,2198
2688,919651767,14
1106,919652013,10354
1243,919652286,6979
121,919652893,168235
494,919652981,55142
1664,919653092,2210
2328,919653302,253
1402,919653697,4733
2336,919654350,247
1720,919654696,1885
1100,919654993,10712
456,919655123,59940
352,919655187,80120
623,919655539,39630
1798,919655612,1485
1292,919655643,6232
725,919655765,29906
2496,919655882,108
2322,919655945,260
1839,919655965,1318
272,919656067,102535
2390,919656139,192
821,919656153,23511
60,919656288,238569
1094,919656805,10918
370,919656970,76383
1900,919657063,1054
2379,919657096,201
282,919657131,98298
963,919657271,15574
1323,919657536,5834
535,919657583,50708
790,919657672,25057
2727,919657717,4
505,919658213,54211
1547,919658815,3019
537,919658958,50481
2480,919658969,120
1588,919659126,2671
1983,919659671,811
659,919659910,35732
2225,919660204,378
912,919660224,17608
1707,919660436,1927
384,919660855,73239
1215,919660877,7530
2514,919661318,95
1347,919661834,5387
2,919661900,614110
1360,919662077,5207
173,919662094,136589
1794,919662372,1524
2042,919662425,670
1624,919662763,2455
648,919662774,37090
2721,919662864,6
2678,919663275,16
1137,919663519,9346
1949,919663555,908
2590,919663603,56
743,919663617,28969
1248,919663637,6863
480,919663666,56790
2227,919663669,377
1751,919663679,1739
1275,919663847,6534
1726,919663943,1863
1141,919664143,9205
2614,919664231,40
398,919664318,70247
1127,919664496,9523
1609,919664588,2538
1466,919664759,3826
2048,919664876,664
1962,919665041,890
2082,919665178,587
1623,919665894,2473
1991,919665988,782
1198,919666306,8036
1641,919666359,2340
2398,919666634,188
873,919666661,19539
1629,919666700,2435
2335,919666804,248
1117,919666865,9941
545,919666867,49103
1382,919666879,4934
433,919666928,64662
291,919666945,95815
441,919667053,62423
2004,919667105,754
1966,919667459,882
1778,919667523,1604
2464,919667762,130
1409,919667901,4627
543,919667929,49457
176,919667939,136204
747,919667986,28547
768,919667995,26766
2634,919668041,32
629,919668057,39301
445,919668129,61729
2368,919668240,213
53,919668280,250694
107,919668298,180393
1954,919668313,900
2656,919668532,25
1336,919668666,5688
525,919668687,52156
419,919668829,66836
606,919668892,41261
855,919669013,20764
1200,919669036,7982
87,919669089,202004
552,919669092,48274
657,919669132,36145
2438,919669295,155
928,919669425,17055
596,919669443,43019
772,919669686,26410
2323,919669688,259
555,919669739,47895
982,919669887,14709
1755,919669935,1715
975,919669939,15091
263,919669994,105521
866,919670057,20043
642,919670080,37870
105,919670288,181248
831,919670362,22738
1910,919670419,1012
1036,919670498,13099
2124,919670581,500
740,919670594,29089
1732,919670717,1802
1183,919670746,8380
971,919670748,15191
2586,919670822,60
1371,919670856,5048
2423,919670870,168
2389,919670880,193
2058,919670943,638
1489,919670946,3652
412,919671046,68218
2316,919671066,265
1793,919671086,1524
98,919671091,189518
325,919671252,86594
189,919671344,132274
1919,919671408,982
1240,919671430,7077
355,919671478,79551
432,919671487,64800
297,919671702,93309
2267,919671776,322
1479,919671806,3716
885,919671895,18947
1033,919671899,13178
2743,919671903,1
2661,919671958,23
991,919671990,14433
776,919672018,26326
1676,919672037,2128
1817,919672057,1391
576,919672080,44615
2094,919672160,562
650,919672167,36929
55,919672241,245010
26,919672253,308795
485,919672257,56211
1008,919672311,14024
2140,919672332,488
839,919672361,22183
2497,919672418,108
1346,919672423,5398
2725,919672527,5
464,919672587,58171
217,919672606,122750
1612,919672609,2521
1645,919672631,2312
2317,919672666,264
143,919672694,151982
1264,919672712,6624
1581,919672751,2710
1441,919672758,4105
845,919672777,21770
721,919672779,30229
146,919672784,147718
167,919672807,137868
2312,919672819,266
1772,919672866,1633
321,919672880,88362
2606,919672916,44
402,919672933,69516
1339,919672974,5501
700,919672990,31704
2261,919673011,333
2505,919673030,104
162,919673087,139515
1046,919673095,12824
180,919673143,134136
1545,919673186,3025
1424,919673187,4320
135,919673198,157514
1543,919673231,3027
1220,919673307,7428
1053,919673341,12642
638,919673426,38268
1111,919673428,10191
448,919673483,61141
568,919673516,45969
1168,919673518,8660
1250,919673526,6822
551,919673543,48336
1295,919673583,6192
750,919673609,28433
1107,919673649,10306
283,919673651,98171
250,919673657,109269
1110,919673710,10194
1412,919673726,4569
1745,919673733,1757
1968,919673748,872
184,919673790,133589
1685,919673829,2060
277,919673832,100055
2010,919673846,747
1723,919673867,1872
2556,919673874,81
1785,919673916,1573
2158,919673928,460
869,919673975,19942
559,919674010,47187
71,919674021,217820
1330,919674076,5752
607,919674114,41158
615,919674116,40639
1575,919674168,2783
1948,919674219,908
2080,919674271,594
1343,919674322,5449
374,919674348,75307
1143,919674366,9126
727,919674390,29807
2104,919674403,525
2624,919674427,40
558,919674437,47215
2655,919674462,25
257,919674494,107678
1693,919674496,2009
1439,919674514,4133
1457,919674566,3947
577,919674623,44608
1222,919674639,7400
718,919674691,30641
1086,919674703,11195
308,919674708,91554
1242,919674744,7015
488,919674755,55860
1123,919674781,9748
1304,919674823,6073
392,919674824,72066
1945,919674856,914
1396,919674865,4806
597,919674891,43012
1500,919674892,3458
2249,919674922,345
1838,919674943,1326
2466,919674965,130
1834,919674977,1345
782,919675098,25674
2023,919675107,720
2454,919675121,135
1161,919675129,8835
236,919675172,114923
1792,919675219,1525
2635,919675284,31
871,919675352,19783
1859,919675365,1233
915,919675367,17537
1874,919675369,1165
1060,919675374,12364
136,919675394,155973
1342,919675416,5476
1505,919675435,3355
716,919675474,30722
2654,919675492,25
1047,919675507,12799
1461,919675526,3896
1362,919675527,5154
2495,919675528,110
2076,919675529,600
1608,919675535,2538
455,919675545,60084
874,919675632,19401
2382,919675636,200
1104,919675670,10427
1952,919675675,902
1776,919675710,1619
258,919675717,106811
1435,919675734,4153
1506,919675792,3349
1554,919675799,2960
2000,919675811,765
1699,919675850,1987
1674,919675851,2136
1806,919675854,1440
164,919675869,138097
562,919675879,46610
1130,919675901,9458
770,919675945,26602
2730,919675949,4
1403,919675953,4723
68,919675965,221628
387,919675971,72720
1406,919675991,4646
2702,919676004,10
528,919676040,51597
1027,919676071,13335
2269,919676089,322
664,919676100,34910
1408,919676146,4629
1092,919676169,11011
2503,919676190,104
1522,919676202,3241
358,919676213,78212
170,919676224,137135
907,919676329,17932
1717,919676346,1897
2333,919676371,250
1353,919676414,5268
2593,919676415,55
1754,919676436,1716
21,919676451,332386
67,919676453,223152
762,919676459,27119
1199,919676465,7992
56,919676476,239957
491,919676499,55418
1366,919676562,5127
877,919676583,19212
1517,919676602,3271
1622,919676631,2473
372,919676636,75896
1308,919676639,6012
1577,919676695,2741
2162,919676696,458
1570,919676698,2814
246,919676700,110325
1756,919676717,1709
90,919676723,200259
1465,919676759,3827
1014,919676768,13801
2109,919676806,521
2330,919676831,253
1291,919676837,6234
788,919676868,25163
878,919676877,19160
900,919676906,18241
1519,919676915,3248
128,919676932,163173
1359,919676937,5212
214,919676942,122960
381,919676945,73996
1321,919676959,5882
2526,919676960,91
1539,919677003,3090
350,919677016,80425
2005,919677081,754
2422,919677139,170
1580,919677150,2722
2515,919677151,94
1884,919677165,1116
2290,919677180,295
1621,919677193,2478
600,919677244,42794
693,919677264,32089
312,919677287,90914
548,919677299,48921
722,919677302,30153
556,919677304,47880
1352,919677306,5278
2176,919677319,441
2579,919677320,61
1576,919677323,2754
2539,919677365,90
2470,919677366,127
2028,919677377,713
1849,919677381,1288
1490,919677388,3631
1680,919677392,2102
691,919677401,32237
1854,919677416,1255
833,919677417,22720
634,919677418,38688
404,919677423,69440
218,919677434,122728
1572,919677445,2803
1239,919677449,7090
798,919677458,24737
1450,919677483,4018
421,919677505,66581
1084,919677533,11272
654,919677558,36396
837,919677571,22377
86,919677579,202596
550,919677588,48747
826,919677599,23133
1510,919677612,3295
935,919677659,16570
65,919677660,226172
307,919677677,91873
1392,919677685,4845
468,919677693,57824
409,919677698,68914
2519,919677699,94
1617,919677701,2496
509,919677720,53723
1637,919677729,2374
1320,919677733,5884
19,919677734,338126
823,919677790,23360
2381,919677801,200
88,919677822,201178
1528,919677823,3175
1557,919677828,2945
2250,919677829,343
401,919677837,69828
2571,919677849,65
341,919677851,82168
595,919677864,43021
1231,919677865,7253
1232,919677887,7252
964,919677896,15563
1055,919677899,12572
1764,919677907,1691
655,919677908,36224
174,919677937,136581
458,919677962,58961
1449,919677977,4027
936,919677982,16565
2660,919677984,23
799,919677987,24710
888,919677996,18842
330,919678009,84408
1113,919678032,10086
1102,919678054,10479
1929,919678058,947
1488,919678067,3659
1532,919678106,3162
1482,919678109,3696
1006,919678110,14120
2633,919678111,34
1158,919678122,8871
1203,919678125,7732
929,919678146,16978
2307,919678156,270
1379,919678158,4965
962,919678160,15579
1425,919678164,4282
1238,919678172,7109
1052,919678176,12679
2326,919678180,254
1413,919678189,4567
1531,919678192,3163
2047,919678200,664
503,919678207,54410
1614,919678217,2504
560,919678229,46926
1906,919678237,1020
1003,919678239,14211
1660,919678245,2240
1453,919678251,4011
1423,919678264,4324
818,919678278,23809
1273,919678292,6558
1749,919678315,1741
824,919678317,23241
1541,919678326,3086
1658,919678329,2251
674,919678350,34043
1431,919678353,4187
2157,919678358,462
1934,919678361,937
1126,919678374,9585
2154,919678410,468
314,919678423,90546
1777,919678434,1617
2652,919678443,26
1628,919678444,2441
2168,919678445,448
1478,919678447,3726
880,919678452,19087
1596,919678465,2585
1061,919678469,12323
1868,919678486,1191
1599,919678491,2574
1626,919678520,2443
452,919678524,61027
2687,919678530,14
2217,919678546,386
1634,919678574,2391
1131,919678582,9444
2031,919678593,707
1782,919678594,1584
1322,919678597,5864
969,919678598,15379
2365,919678606,215
286,919678610,97336
1246,919678625,6912
605,919678632,41510
2100,919678633,548
1000,919678641,14261
916,919678648,17522
2432,919678663,160
375,919678665,75087
2166,919678675,450
1179,919678677,8432
1604,919678690,2542
1162,919678716,8832
2711,919678723,9
1668,919678747,2188
2524,919678765,94
1303,919678777,6103
913,919678793,17600
1377,919678813,4982
1999,919678816,765
2182,919678828,438
2304,919678843,274
1196,919678848,8123
2584,919678854,60
641,919678855,37959
2041,919678871,674
1101,919678874,10498
1194,919678878,8196
1037,919678885,13095
1318,919678886,5914
2155,919678897,466
2391,919678901,191
950,919678902,16122
1780,919678912,1586
2038,919678916,691
1933,919678932,940
2150,919678936,474
1721,919678942,1877
599,919678974,42866
1940,919678982,924
2349,919678986,228
1121,919679003,9762
1105,919679004,10356
894,919679005,18590
1889,919679009,1102
2202,919679011,407
465,919679032,58092
2271,919679033,320
1936,919679043,936
1548,919679054,3009
2427,919679062,163
1361,919679074,5167
1154,919679095,8916
1811,919679101,1415
2689,919679104,14
2550,919679128,85
579,919679136,44394
1032,919679139,13195
2490,919679144,111
1876,919679148,1162
1269,919679150,6580
1750,919679175,1741
2190,919679177,428
2201,919679185,408
1217,919679188,7458
1109,919679189,10271
1844,919679194,1302
948,919679205,16183
1257,919679219,6700
946,919679232,16289
1647,919679233,2301
882,919679248,19020
1607,919679249,2540
1458,919679263,3940
1930,919679271,947
2600,919679275,49
522,919679288,52654
2283,919679303,306
2610,919679317,42
2115,919679321,512
1249,919679340,6842
1679,919679342,2108
1762,919679344,1695
1023,919679352,13397
1358,919679354,5224
2657,919679355,25
2501,919679356,106
516,919679357,53055
1057,919679363,12549
810,919679373,24120
1598,919679381,2576
2408,919679386,180
2199,919679387,413
834,919679410,22685
2138,919679418,490
1525,919679419,3207
905,919679421,18059
2430,919679424,161
2093,919679430,565
1546,919679439,3023
2487,919679443,113
1558,919679444,2924
1407,919679451,4643
752,919679453,28200
2570,919679458,65
1701,919679464,1970
1099,919679469,10748
1735,919679483,1794
1096,919679498,10873
994,919679507,14409
1988,919679509,785
1565,919679510,2859
1193,919679513,8203
1011,919679517,13930
1648,919679524,2295
1255,919679526,6731
2650,919679529,26
1678,919679535,2122
1433,919679542,4163
1998,919679546,765
2673,919679557,18
714,919679563,31084
1597,919679564,2577
1733,919679568,1798
1602,919679579,2552
895,919679581,18569
1166,919679590,8751
1146,919679592,9027
1978,919679597,840
2165,919679600,454
1282,919679630,6417
2609,919679632,43
1549,919679636,3001
1171,919679639,8621
2724,919679640,5
2024,919679642,718
947,919679645,16251
1090,919679647,11040
2452,919679650,138
2572,919679651,64
1757,919679652,1709
992,919679654,14417
2123,919679655,500
926,919679663,17123
1730,919679668,1824
1177,919679672,8474
1504,919679677,3368
1212,919679693,7641
1480,919679703,3706
1474,919679704,3750
2313,919679718,266
1491,919679724,3629
2394,919679725,189
2108,919679727,523
2564,919679738,70
2715,919679741,8
2179,919679744,440
2700,919679746,10
2060,919679747,631
1553,919679748,2971
1315,919679780,5942
2722,919679783,5
1290,919679784,6244
611,919679785,40990
1114,919679791,10054
1713,919679792,1905
906,919679798,18003
1675,919679799,2133
1400,919679801,4764
1481,919679810,3699
1748,919679815,1742
2191,919679821,422
2164,919679822,455
1855,919679826,1253
1319,919679839,5898
2103,919679842,534
1877,919679851,1160
2006,919679852,752
2623,919679854,40
2098,919679859,557
1768,919679862,1652
2513,919679869,96
1994,919679875,769
1241,919679881,7045
2102,919679886,543
2018,919679922,731
2521,919679933,94
2289,919679934,295
633,919679937,38780
1672,919679946,2165
1944,919679958,915
1178,919679984,8434
1454,919679994,4005
1332,919679995,5728
1863,919679997,1215
1535,919680001,3119
1486,919680007,3669
1938,919680012,929
1846,919680014,1294
2692,919680015,13
2032,919680017,704
2071,919680020,610
800,919680021,24672
1394,919680026,4837
2298,919680030,280
2035,919680031,697
1990,919680032,784
2736,919680043,4
2685,919680053,15
2146,919680065,483
2196,919680072,418
2012,919680086,741
1696,919680089,1995
989,919680099,14581
2441,919680104,154
1879,919680109,1138
2252,919680115,340
2074,919680119,605
2163,919680124,457
1885,919680125,1114
2457,919680126,134
695,919680128,31914
2088,919680131,573
1173,919680135,8548
2649,919680136,27
2371,919680148,210
2329,919680153,253
2636,919680163,31
1326,919680172,5786
1722,919680189,1875
2311,919680196,268
1601,919680215,2561
2358,919680217,224
2213,919680229,390
2239,919680231,359
1567,919680235,2847
2068,919680239,612
2433,919680241,160
848,919680253,21460
1571,919680263,2811
2291,919680280,295
2437,919680304,156
2226,919680308,378
2097,919680316,558
1923,919680322,972
2580,919680341,61
2220,919680348,382
1651,919680371,2277
2638,919680375,30
2540,919680378,90
1937,919680381,930
1236,919680390,7165
2543,919680395,90
1727,919680399,1854
2374,919680422,207
2545,919680426,90
2037,919680441,691
2587,919680444,58
1894,919680455,1086
2149,919680459,475
1946,919680462,910
2561,919680469,80
2343,919680470,240
2616,919680475,40
2117,919680478,510
2510,919680481,98
2568,919680486,68
1970,919680489,867
1786,919680490,1565
1953,919680508,900
1452,919680510,4016
2354,919680527,228
1686,919680534,2059
881,919680538,19045
1134,919680546,9418
1974,919680548,850
2485,919680557,116
1350,919680567,5333
1369,919680575,5087
1493,919680592,3582
1796,919680595,1509
2253,919680596,338
2156,919680600,465
1245,919680601,6925
2206,919680607,397
1650,919680608,2278
2231,919680623,368
1963,919680641,890
1429,919680653,4211
2360,919680663,220
2426,919680670,163
1677,919680671,2123
1712,919680677,1906
2547,919680679,90
1563,919680698,2872
2221,919680705,380
1683,919680708,2083
2664,919680732,22
1830,919680739,1363
1459,919680741,3928
2566,919680761,70
2387,919680781,196
2653,919680782,25
1698,919680787,1993
1211,919680788,7658
1871,919680791,1186
1961,919680792,892
2443,919680797,151
2362,919680798,218
2159,919680813,460
1971,919680825,864
2170,919680828,445
1284,919680837,6389
2621,919680848,40
2351,919680851,228
1442,919680863,4077
2690,919680876,14
2680,919680877,16
2008,919680881,748
1891,919680883,1095
2085,919680884,582
2051,919680887,655
1809,919680888,1421
1526,919680890,3202
2112,919680891,516
1866,919680895,1201
1253,919680914,6737
1925,919680916,961
2428,919680917,162
1462,919680918,3896
1328,919680919,5780
1873,919680925,1170
2458,919680929,134
2421,919680936,170
1559,919680958,2919
1218,919680969,7447
1852,919680970,1261
1915,919680972,998
2265,919680977,326
1917,919680999,988
2216,919681012,388
1742,919681016,1764
1976,919681018,842
2508,919681027,99
1739,919681030,1772
1483,919681034,3693
1512,919681040,3288
2126,919681058,498
1803,919681061,1454
2274,919681066,318
2129,919681070,496
1714,919681074,1903
2717,919681075,8
1992,919681086,777
2414,919681094,174
2200,919681118,412
1795,919681124,1520
2739,919681127,4
1393,919681137,4838
2674,919681138,18
1434,919681144,4161
2630,919681145,35
2575,919681146,63
2084,919681159,583
2643,919681161,30
1688,919681169,2045
2297,919681184,281
2266,919681190,323
2173,919681197,444
2002,919681203,758
1711,919681208,1908
2625,919681224,37
2463,919681233,130
2222,919681250,380
2410,919681256,177
1831,919681261,1362
1606,919681273,2540
2474,919681275,126
2344,919681280,238
2258,919681288,334
2341,919681317,241
2413,919681322,174
2367,919681348,213
2167,919681349,450
2284,919681357,306
2019,919681381,730
2431,919681385,161
2366,919681392,215
2003,919681417,754
1905,919681419,1024
2229,919681420,374
1774,919681423,1628
2528,919681425,90
1893,919681427,1088
2632,919681428,34
2516,919681464,94
2192,919681465,422
2079,919681466,598
2359,919681472,220
2435,919681494,158
2536,919681496,90
2057,919681498,640
2301,919681504,277
2392,919681508,190
1913,919681513,1004
2482,919681531,118
1883,919681534,1119
2151,919681544,471
2645,919681548,28
2373,919681562,210
2320,919681569,263
2559,919681577,80
2449,919681581,143
2675,919681584,18
2581,919681599,60
2193,919681607,422
2324,919681636,258
2404,919681653,185
2400,919681687,188
2658,919681693,24
2532,919681697,90
2469,919681709,130
2612,919681711,41
2451,919681728,138
2315,919681734,265
2393,919681738,190
2499,919681753,106
2178,919681770,440
2325,919681773,256
2602,919681843,49
2578,919681868,61
